
NUM_THREADS: 1
	NUM_OBJECTS: 100
		16      6.6439   6.6439   100.0001%
		32      6.1239   6.6439   92.1732%
		64      6.6439   6.6439   100.0001%
		128     6.0839   6.6439   91.5712%
		256     6.0839   6.6439   91.5712%
		512     4.6411   6.6439   69.8562%
		1024    4.7525   6.6439   71.5327%
		2048    3.9633   6.6439   59.6538%
		4096    2.9688   6.6439   44.6855%
		8192    1.9948   6.6439   30.0246%
		16384   0.9710   6.6439   14.6143%
		32768   2.9558   6.6439   44.4893%

	NUM_OBJECTS: 1000
		16      9.9179   9.9658   99.5192%
		32      9.4098   9.9658   94.4210%
		64      7.9869   9.9658   80.1436%
		128     7.2839   9.9658   73.0887%
		256     7.8382   9.9658   78.6514%
		512     4.9678   9.9658   49.8483%
		1024    4.9805   9.9658   49.9764%
		2048    3.9886   9.9658   40.0227%
		4096    2.9966   9.9658   30.0690%
		8192    1.9998   9.9658   20.0664%
		16384   0.9990   9.9658   10.0239%
		32768   2.9962   9.9658   30.0645%

	NUM_OBJECTS: 10000
		16      11.8565   13.2877   89.2288%
		32      10.5789   13.2877   79.6140%
		64      9.8858   13.2877   74.3980%
		128     8.9061   13.2877   67.0250%
		256     7.9025   13.2877   59.4723%
		512     4.9974   13.2877   37.6091%
		1024    4.9976   13.2877   37.6104%
		2048    3.9989   13.2877   30.0945%
		4096    2.9997   13.2877   22.5748%
		8192    1.9998   13.2877   15.0503%
		16384   0.9999   13.2877   7.5249%
		32768   2.9994   13.2877   22.5728%

NUM_THREADS: 2
	NUM_OBJECTS: 100
		16      5.6439   5.6439   99.9999%
		32      5.6439   5.6439   99.9999%
		64      5.4815   5.6439   97.1236%
		128     5.2801   5.6439   93.5543%
		256     5.3565   5.6439   94.9092%
		512     4.4492   5.6439   78.8321%
		1024    4.4072   5.6439   78.0881%
		2048    3.7423   5.6439   66.3072%
		4096    2.8921   5.6439   51.2432%
		8192    1.9309   5.6439   34.2121%
		16384   0.9855   5.6439   17.4617%
		32768   2.9346   5.6439   51.9964%

	NUM_OBJECTS: 1000
		16      8.4664   8.9658   94.4296%
		32      8.9457   8.9658   99.7765%
		64      8.4775   8.9658   94.5537%
		128     7.5081   8.9658   83.7420%
		256     7.3843   8.9658   82.3612%
		512     4.9619   8.9658   55.3423%
		1024    4.9528   8.9658   55.2409%
		2048    3.9819   8.9658   44.4123%
		4096    2.9956   8.9658   33.4114%
		8192    1.9972   8.9658   22.2761%
		16384   0.9992   8.9658   11.1441%
		32768   2.9930   8.9658   33.3821%

	NUM_OBJECTS: 10000
		16      10.6618   12.2877   86.7680%
		32      10.8793   12.2877   88.5383%
		64      9.1539   12.2877   74.4965%
		128     8.8963   12.2877   72.4004%
		256     7.9061   12.2877   64.3416%
		512     4.9965   12.2877   40.6625%
		1024    4.9951   12.2877   40.6513%
		2048    3.9979   12.2877   32.5359%
		4096    2.9993   12.2877   24.4089%
		8192    1.9995   12.2877   16.2726%
		16384   0.9998   12.2877   8.1368%
		32768   2.9993   12.2877   24.4091%

NUM_THREADS: 4
	NUM_OBJECTS: 100
		16      4.6439   4.6439   100.0000%
		32      4.6439   4.6439   100.0000%
		64      4.6439   4.6439   100.0000%
		128     4.4970   4.6439   96.8385%
		256     4.6439   4.6439   100.0000%
		512     4.0150   4.6439   86.4593%
		1024    3.8906   4.6439   83.7799%
		2048    3.5008   4.6439   75.3862%
		4096    2.7908   4.6439   60.0970%
		8192    1.9027   4.6439   40.9731%
		16384   0.9564   4.6439   20.5955%
		32768   2.7253   4.6439   58.6871%

	NUM_OBJECTS: 1000
		16      7.9176   7.9658   99.3948%
		32      7.6829   7.9658   96.4492%
		64      7.5061   7.9658   94.2293%
		128     7.5008   7.9658   94.1625%
		256     6.7274   7.9658   84.4540%
		512     4.8953   7.9658   61.4540%
		1024    4.9105   7.9658   61.6454%
		2048    3.9547   7.9658   49.6457%
		4096    2.9880   7.9658   37.5104%
		8192    1.9777   7.9658   24.8276%
		16384   0.9988   7.9658   12.5390%
		32768   2.9813   7.9658   37.4265%

	NUM_OBJECTS: 10000
		16      10.5813   11.2877   93.7417%
		32      10.8218   11.2877   95.8727%
		64      9.7757   11.2877   86.6049%
		128     8.3632   11.2877   74.0911%
		256     7.8963   11.2877   69.9552%
		512     4.9909   11.2877   44.2151%
		1024    4.9906   11.2877   44.2122%
		2048    3.9966   11.2877   35.4065%
		4096    2.9979   11.2877   26.5589%
		8192    1.9989   11.2877   17.7082%
		16384   0.9998   11.2877   8.8575%
		32768   2.9981   11.2877   26.5606%

NUM_THREADS: 8
	NUM_OBJECTS: 100
		16      3.5850   3.5850   100.0000%
		32      3.5850   3.5850   100.0000%
		64      3.5850   3.5850   100.0000%
		128     3.4052   3.5850   94.9863%
		256     3.5850   3.5850   100.0000%
		512     3.1649   3.5850   88.2817%
		1024    3.2882   3.5850   91.7213%
		2048    3.0743   3.5850   85.7561%
		4096    2.5840   3.5850   72.0796%
		8192    1.8374   3.5850   51.2517%
		16384   0.9869   3.5850   27.5286%
		32768   2.4208   3.5850   67.5261%

	NUM_OBJECTS: 1000
		16      6.9658   6.9658   99.9998%
		32      6.9092   6.9658   99.1871%
		64      6.6846   6.9658   95.9627%
		128     6.7609   6.9658   97.0589%
		256     6.5039   6.9658   93.3697%
		512     4.7686   6.9658   68.4575%
		1024    4.8030   6.9658   68.9512%
		2048    3.9096   6.9658   56.1264%
		4096    2.9606   6.9658   42.5027%
		8192    1.9778   6.9658   28.3937%
		16384   0.9913   6.9658   14.2311%
		32768   2.9388   6.9658   42.1886%

	NUM_OBJECTS: 10000
		16      9.9794   10.2877   97.0030%
		32      9.8380   10.2877   95.6291%
		64      8.9654   10.2877   87.1462%
		128     8.7042   10.2877   84.6082%
		256     7.6710   10.2877   74.5651%
		512     4.9818   10.2877   48.4249%
		1024    4.9837   10.2877   48.4430%
		2048    3.9910   10.2877   38.7937%
		4096    2.9965   10.2877   29.1267%
		8192    1.9987   10.2877   19.4282%
		16384   0.9991   10.2877   9.7117%
		32768   2.9963   10.2877   29.1251%

