NTHREADS: 1
	NOBJS: 100
		16      9.9458   6.6439   149.6992%
		32      9.8858   6.6439   148.7961%
		64      9.7458   6.6439   146.6888%
		128     9.5707   6.6439   144.0533%
		256     9.3356   6.6439   140.5147%
		512     8.4666   6.6439   127.4358%
		1024    8.5981   6.6439   129.4144%
		2048    8.4227   6.6439   126.7750%
		4096    8.6854   6.6439   130.7282%
		8192    8.4089   6.6439   126.5667%
		16384   8.5827   6.6439   129.1832%
		32768   8.6978   6.6439   130.9156%
		65536   8.5503   6.6439   128.6947%

	NOBJS: 1000
		16      14.4129   9.9658   144.6240%
		32      13.7924   9.9658   138.3972%
		64      13.9754   9.9658   140.2340%
		128     13.9933   9.9658   140.4136%
		256     13.9145   9.9658   139.6223%
		512     13.9659   9.9658   140.1385%
		1024    14.0204   9.9658   140.6853%
		2048    13.9473   9.9658   139.9522%
		4096    13.9713   9.9658   140.1932%
		8192    14.0255   9.9658   140.7363%
		16384   13.9753   9.9658   140.2329%
		32768   13.9836   9.9658   140.3164%
		65536   14.0250   9.9658   140.7314%

	NOBJS: 10000
		16      18.7669   13.2877   141.2346%
		32      18.4774   13.2877   139.0565%
		64      18.7863   13.2877   141.3811%
		128     18.7826   13.2877   141.3535%
		256     18.7854   13.2877   141.3743%
		512     18.7836   13.2877   141.3604%
		1024    18.7800   13.2877   141.3335%
		2048    18.7649   13.2877   141.2203%
		4096    18.7834   13.2877   141.3595%
		8192    18.7848   13.2877   141.3701%
		16384   18.7797   13.2877   141.3310%
		32768   18.7746   13.2877   141.2932%
		65536   18.7583   13.2877   141.1702%

NTHREADS: 2
	NOBJS: 100
		16      9.9258   6.6439   149.3978%
		32      9.8458   6.6439   148.1937%
		64      9.7618   6.6439   146.9299%
		128     9.5223   6.6439   143.3255%
		256     9.1738   6.6439   138.0800%
		512     8.6285   6.6439   129.8715%
		1024    8.4916   6.6439   127.8112%
		2048    8.4439   6.6439   127.0929%
		4096    8.5264   6.6439   128.3356%
		8192    8.4778   6.6439   127.6031%
		16384   8.8206   6.6439   132.7639%
		32768   8.5441   6.6439   128.6018%
		65536   8.4910   6.6439   127.8019%

	NOBJS: 1000
		16      14.4775   9.9658   145.2723%
		32      13.7924   9.9658   138.3973%
		64      13.9841   9.9658   140.3209%
		128     14.0038   9.9658   140.5188%
		256     13.9964   9.9658   140.4446%
		512     13.9647   9.9658   140.1266%
		1024    13.9536   9.9658   140.0153%
		2048    13.9880   9.9658   140.3598%
		4096    13.9775   9.9658   140.2550%
		8192    13.9625   9.9658   140.1042%
		16384   13.9837   9.9658   140.3173%
		32768   13.9911   9.9658   140.3913%
		65536   13.9929   9.9658   140.4097%

	NOBJS: 10000
		16      18.7846   13.2877   141.3683%
		32      18.4731   13.2877   139.0239%
		64      18.7794   13.2877   141.3288%
		128     18.7780   13.2877   141.3188%
		256     18.7733   13.2877   141.2831%
		512     18.7827   13.2877   141.3543%
		1024    18.7687   13.2877   141.2482%
		2048    18.7758   13.2877   141.3018%
		4096    18.7728   13.2877   141.2792%
		8192    18.7741   13.2877   141.2890%
		16384   18.7779   13.2877   141.3175%
		32768   18.7716   13.2877   141.2706%
		65536   18.7775   13.2877   141.3150%

NTHREADS: 4
	NOBJS: 100
		16      9.9258   6.6439   149.3975%
		32      9.8338   6.6439   148.0135%
		64      9.7482   6.6439   146.7255%
		128     9.5624   6.6439   143.9287%
		256     9.2365   6.6439   139.0239%
		512     8.5648   6.6439   128.9138%
		1024    8.6328   6.6439   129.9364%
		2048    8.5358   6.6439   128.4760%
		4096    8.5418   6.6439   128.5669%
		8192    8.4955   6.6439   127.8707%
		16384   8.5381   6.6439   128.5107%
		32768   8.5201   6.6439   128.2404%
		65536   8.6702   6.6439   130.4992%

	NOBJS: 1000
		16      14.4293   9.9658   144.7886%
		32      13.7899   9.9658   138.3722%
		64      13.9983   9.9658   140.4641%
		128     14.0025   9.9658   140.5053%
		256     14.0013   9.9658   140.4932%
		512     13.9784   9.9658   140.2638%
		1024    13.9938   9.9658   140.4180%
		2048    13.9778   9.9658   140.2583%
		4096    13.9998   9.9658   140.4784%
		8192    13.9937   9.9658   140.4175%
		16384   13.9815   9.9658   140.2953%
		32768   14.0092   9.9658   140.5728%
		65536   13.9866   9.9658   140.3467%

	NOBJS: 10000
		16      18.7769   13.2877   141.3100%
		32      18.4630   13.2877   138.9482%
		64      18.7749   13.2877   141.2954%
		128     18.7730   13.2877   141.2807%
		256     18.7867   13.2877   141.3838%
		512     18.7793   13.2877   141.3282%
		1024    18.7777   13.2877   141.3166%
		2048    18.7858   13.2877   141.3772%
		4096    18.7826   13.2877   141.3533%
		8192    18.7782   13.2877   141.3201%
		16384   18.7833   13.2877   141.3582%
		32768   18.7829   13.2877   141.3552%
		65536   18.7827   13.2877   141.3540%

NTHREADS: 8
	NOBJS: 100
		16      9.8973   6.6439   148.9697%
		32      9.8721   6.6439   148.5905%
		64      9.7693   6.6439   147.0428%
		128     9.6199   6.6439   144.7941%
		256     9.1782   6.6439   138.1452%
		512     8.5814   6.6439   129.1637%
		1024    8.5849   6.6439   129.2158%
		2048    8.5585   6.6439   128.8175%
		4096    8.4898   6.6439   127.7840%
		8192    8.4993   6.6439   127.9275%
		16384   8.5609   6.6439   128.8544%
		32768   8.5786   6.6439   129.1210%
		65536   8.5573   6.6439   128.8003%

	NOBJS: 1000
		16      14.4156   9.9658   144.6507%
		32      13.7737   9.9658   138.2096%
		64      13.9924   9.9658   140.4047%
		128     13.9980   9.9658   140.4607%
		256     14.0005   9.9658   140.4859%
		512     13.9991   9.9658   140.4721%
		1024    14.0021   9.9658   140.5015%
		2048    13.9763   9.9658   140.2426%
		4096    13.9909   9.9658   140.3890%
		8192    13.9971   9.9658   140.4518%
		16384   13.9813   9.9658   140.2933%
		32768   13.9867   9.9658   140.3473%
		65536   13.9972   9.9658   140.4521%

	NOBJS: 10000
		16      18.7775   13.2877   141.3146%
		32      18.4681   13.2877   138.9866%
		64      18.7790   13.2877   141.3262%
		128     18.7783   13.2877   141.3208%
		256     18.7758   13.2877   141.3017%
		512     18.7741   13.2877   141.2894%
		1024    18.7772   13.2877   141.3123%
		2048    18.7770   13.2877   141.3110%
		4096    18.7765   13.2877   141.3074%
		8192    18.7814   13.2877   141.3441%
		16384   18.7742   13.2877   141.2899%
		32768   18.7827   13.2877   141.3542%
		65536   18.7823   13.2877   141.3509%

