NTHREADS: 1
	NOBJS: 100
		16      5.7047   6.6439   85.8642%
		32      6.3439   6.6439   95.4846%
		64      6.4039   6.6439   96.3877%
		128     6.3639   6.6439   95.7856%
		256     6.3039   6.6439   94.8825%
		512     6.3039   6.6439   94.8825%
		1024    6.6039   6.6439   99.3980%
		2048    6.5039   6.6439   97.8929%
		4096    6.5439   6.6439   98.4949%
		8192    6.5439   6.6439   98.4949%
		16384   6.5439   6.6439   98.4949%
		32768   6.5439   6.6439   98.4950%
		65536   6.5439   6.6439   98.4950%

	NOBJS: 1000
		16      9.0171   9.9658   90.4810%
		32      9.8519   9.9658   98.8569%
		64      9.8739   9.9658   99.0776%
		128     9.8399   9.9658   98.7364%
		256     9.8939   9.9658   99.2783%
		512     9.8339   9.9658   98.6761%
		1024    9.9159   9.9658   99.4992%
		2048    9.8619   9.9658   98.9571%
		4096    9.8679   9.9658   99.0174%
		8192    9.8639   9.9658   98.9773%
		16384   9.8659   9.9658   98.9974%
		32768   9.8659   9.9658   98.9974%
		65536   9.9259   9.9658   99.5995%

	NOBJS: 10000
		16      12.3410   13.2877   92.8755%
		32      13.2493   13.2877   99.7112%
		64      13.2578   13.2877   99.7751%
		128     13.2631   13.2877   99.8151%
		256     13.2536   13.2877   99.7429%
		512     13.2828   13.2877   99.9629%
		1024    13.2676   13.2877   99.8483%
		2048    13.2850   13.2877   99.9794%
		4096    13.2836   13.2877   99.9689%
		8192    13.2734   13.2877   99.8920%
		16384   13.2794   13.2877   99.9372%
		32768   13.2754   13.2877   99.9071%
		65536   13.2800   13.2877   99.9418%

NTHREADS: 2
	NOBJS: 100
		16      5.6979   6.6439   85.7620%
		32      6.5437   6.6439   98.4931%
		64      6.5332   6.6439   98.3351%
		128     6.5339   6.6439   98.3443%
		256     6.5138   6.6439   98.0424%
		512     6.5532   6.6439   98.6362%
		1024    6.5137   6.6439   98.0405%
		2048    6.5937   6.6439   99.2447%
		4096    6.5937   6.6439   99.2447%
		8192    6.5937   6.6439   99.2447%
		16384   6.5937   6.6439   99.2447%
		32768   6.5937   6.6439   99.2447%
		65536   6.5937   6.6439   99.2447%

	NOBJS: 1000
		16      9.0839   9.9658   91.1505%
		32      9.9348   9.9658   99.6895%
		64      9.9469   9.9658   99.8101%
		128     9.9279   9.9658   99.6194%
		256     9.9199   9.9658   99.5392%
		512     9.9279   9.9658   99.6195%
		1024    9.9569   9.9658   99.9105%
		2048    9.9338   9.9658   99.6793%
		4096    9.9318   9.9658   99.6593%
		8192    9.9278   9.9658   99.6189%
		16384   9.9288   9.9658   99.6292%
		32768   9.9288   9.9658   99.6292%
		65536   9.9579   9.9658   99.9206%

	NOBJS: 10000
		16      12.4103   13.2877   93.3966%
		32      13.2742   13.2877   99.8980%
		64      13.2710   13.2877   99.8739%
		128     13.2687   13.2877   99.8573%
		256     13.2760   13.2877   99.9117%
		512     13.2733   13.2877   99.8912%
		1024    13.2831   13.2877   99.9650%
		2048    13.2853   13.2877   99.9817%
		4096    13.2707   13.2877   99.8718%
		8192    13.2712   13.2877   99.8756%
		16384   13.2709   13.2877   99.8734%
		32768   13.2724   13.2877   99.8845%
		65536   13.2724   13.2877   99.8846%

NTHREADS: 4
	NOBJS: 100
		16      5.8531   6.6439   88.0983%
		32      6.5580   6.6439   98.7077%
		64      6.5628   6.6439   98.7802%
		128     6.5028   6.6439   97.8766%
		256     6.5684   6.6439   98.8643%
		512     6.5383   6.6439   98.4108%
		1024    6.5676   6.6439   98.8516%
		2048    6.5631   6.6439   98.7849%
		4096    6.5631   6.6439   98.7849%
		8192    6.5335   6.6439   98.3388%
		16384   6.5335   6.6439   98.3388%
		32768   6.5335   6.6439   98.3388%
		65536   6.5335   6.6439   98.3388%

	NOBJS: 1000
		16      9.1642   9.9658   91.9563%
		32      9.9408   9.9658   99.7492%
		64      9.9429   9.9658   99.7699%
		128     9.9273   9.9658   99.6141%
		256     9.9438   9.9658   99.7799%
		512     9.9318   9.9658   99.6595%
		1024    9.9584   9.9658   99.9255%
		2048    9.9484   9.9658   99.8252%
		4096    9.9514   9.9658   99.8553%
		8192    9.9499   9.9658   99.8403%
		16384   9.9499   9.9658   99.8402%
		32768   9.9499   9.9658   99.8402%
		65536   9.9499   9.9658   99.8402%

	NOBJS: 10000
		16      12.4606   13.2877   93.7752%
		32      13.2743   13.2877   99.8989%
		64      13.2729   13.2877   99.8886%
		128     13.2775   13.2877   99.9232%
		256     13.2820   13.2877   99.9573%
		512     13.2785   13.2877   99.9309%
		1024    13.2778   13.2877   99.9257%
		2048    13.2794   13.2877   99.9376%
		4096    13.2803   13.2877   99.9444%
		8192    13.2781   13.2877   99.9279%
		16384   13.2792   13.2877   99.9361%
		32768   13.2793   13.2877   99.9368%
		65536   13.2778   13.2877   99.9255%

NTHREADS: 8
	NOBJS: 100
		16      6.0292   6.6439   90.7480%
		32      6.5936   6.6439   99.2435%
		64      6.5836   6.6439   99.0931%
		128     6.5434   6.6439   98.4872%
		256     6.5985   6.6439   99.3172%
		512     6.5954   6.6439   99.2707%
		1024    6.6063   6.6439   99.4348%
		2048    6.6211   6.6439   99.6574%
		4096    6.6211   6.6439   99.6574%
		8192    6.6211   6.6439   99.6574%
		16384   6.5807   6.6439   99.0499%
		32768   6.5807   6.6439   99.0499%
		65536   6.5807   6.6439   99.0499%

	NOBJS: 1000
		16      9.2299   9.9658   92.6155%
		32      9.9536   9.9658   99.8777%
		64      9.9471   9.9658   99.8126%
		128     9.9376   9.9658   99.7170%
		256     9.9316   9.9658   99.6568%
		512     9.9426   9.9658   99.7672%
		1024    9.9291   9.9658   99.6317%
		2048    9.9496   9.9658   99.8376%
		4096    9.9418   9.9658   99.7598%
		8192    9.9421   9.9658   99.7623%
		16384   9.9421   9.9658   99.7623%
		32768   9.9421   9.9658   99.7623%
		65536   9.9421   9.9658   99.7623%

	NOBJS: 10000
		16      12.4858   13.2877   93.9653%
		32      13.2836   13.2877   99.9688%
		64      13.2845   13.2877   99.9760%
		128     13.2823   13.2877   99.9595%
		256     13.2846   13.2877   99.9764%
		512     13.2840   13.2877   99.9717%
		1024    13.2823   13.2877   99.9591%
		2048    13.2827   13.2877   99.9620%
		4096    13.2797   13.2877   99.9399%
		8192    13.2792   13.2877   99.9356%
		16384   13.2796   13.2877   99.9389%
		32768   13.2827   13.2877   99.9626%
		65536   13.2826   13.2877   99.9617%

