NTHREADS: 1
	NOBJS: 100
		16      6.6239   6.6439   99.6991%
		32      6.6439   6.6439   100.0001%
		64      6.6439   6.6439   100.0001%
		128     6.6439   6.6439   100.0001%
		256     6.6439   6.6439   100.0001%
		512     6.6439   6.6439   100.0001%
		1024    6.6439   6.6439   100.0001%
		2048    6.6439   6.6439   100.0001%
		4096    6.6439   6.6439   100.0001%
		8192    6.6439   6.6439   100.0001%
		16384   6.6439   6.6439   100.0001%
		32768   6.6439   6.6439   100.0001%
		65536   6.6439   6.6439   100.0001%

	NOBJS: 1000
		16      9.5395   9.9658   95.7229%
		32      9.9659   9.9658   100.0009%
		64      9.9659   9.9658   100.0009%
		128     9.9659   9.9658   100.0009%
		256     9.9659   9.9658   100.0009%
		512     9.9659   9.9658   100.0009%
		1024    9.9659   9.9658   100.0009%
		2048    9.9659   9.9658   100.0009%
		4096    9.9659   9.9658   100.0009%
		8192    9.9659   9.9658   100.0009%
		16384   9.9659   9.9658   100.0009%
		32768   9.9659   9.9658   100.0009%
		65536   9.9659   9.9658   100.0009%

	NOBJS: 10000
		16      12.4564   13.2877   93.7440%
		32      13.2870   13.2877   99.9944%
		64      13.2870   13.2877   99.9944%
		128     13.2870   13.2877   99.9944%
		256     13.2870   13.2877   99.9944%
		512     13.2870   13.2877   99.9944%
		1024    13.2870   13.2877   99.9944%
		2048    13.2870   13.2877   99.9944%
		4096    13.2870   13.2877   99.9944%
		8192    13.2870   13.2877   99.9944%
		16384   13.2870   13.2877   99.9944%
		32768   13.0886   13.2877   98.5017%
		65536   12.3163   13.2877   92.6892%

NTHREADS: 2
	NOBJS: 100
		16      6.5938   6.6439   99.2465%
		32      6.6439   6.6439   100.0001%
		64      6.6439   6.6439   100.0001%
		128     6.6439   6.6439   100.0001%
		256     6.6439   6.6439   100.0001%
		512     6.6439   6.6439   100.0001%
		1024    6.6439   6.6439   100.0001%
		2048    6.6439   6.6439   100.0001%
		4096    6.6439   6.6439   100.0001%
		8192    6.6439   6.6439   100.0001%
		16384   6.6439   6.6439   100.0001%
		32768   6.6439   6.6439   100.0001%
		65536   6.6439   6.6439   100.0001%

	NOBJS: 1000
		16      9.5535   9.9658   95.8635%
		32      9.9659   9.9658   100.0009%
		64      9.9659   9.9658   100.0009%
		128     9.9659   9.9658   100.0009%
		256     9.9659   9.9658   100.0009%
		512     9.9659   9.9658   100.0009%
		1024    9.9659   9.9658   100.0009%
		2048    9.9659   9.9658   100.0009%
		4096    9.9659   9.9658   100.0009%
		8192    9.9659   9.9658   100.0009%
		16384   9.9659   9.9658   100.0009%
		32768   9.9659   9.9658   100.0009%
		65536   9.9659   9.9658   100.0009%

	NOBJS: 10000
		16      12.4566   13.2877   93.7454%
		32      13.2870   13.2877   99.9944%
		64      13.2870   13.2877   99.9944%
		128     13.2870   13.2877   99.9944%
		256     13.2870   13.2877   99.9944%
		512     13.2870   13.2877   99.9944%
		1024    13.2870   13.2877   99.9944%
		2048    13.2870   13.2877   99.9944%
		4096    13.2870   13.2877   99.9944%
		8192    13.2870   13.2877   99.9944%
		16384   13.2870   13.2877   99.9944%
		32768   13.1099   13.2877   98.6619%
		65536   12.3483   13.2877   92.9300%

NTHREADS: 4
	NOBJS: 100
		16      6.6088   6.6439   99.4728%
		32      6.6439   6.6439   100.0001%
		64      6.6439   6.6439   100.0001%
		128     6.6439   6.6439   100.0001%
		256     6.6439   6.6439   100.0001%
		512     6.6439   6.6439   100.0001%
		1024    6.6439   6.6439   100.0001%
		2048    6.6439   6.6439   100.0001%
		4096    6.6439   6.6439   100.0001%
		8192    6.6439   6.6439   100.0001%
		16384   6.6439   6.6439   100.0001%
		32768   6.6439   6.6439   100.0001%
		65536   6.6439   6.6439   100.0001%

	NOBJS: 1000
		16      9.5492   9.9658   95.8194%
		32      9.9659   9.9658   100.0009%
		64      9.9659   9.9658   100.0009%
		128     9.9659   9.9658   100.0009%
		256     9.9659   9.9658   100.0009%
		512     9.9659   9.9658   100.0009%
		1024    9.9659   9.9658   100.0009%
		2048    9.9659   9.9658   100.0009%
		4096    9.9659   9.9658   100.0009%
		8192    9.9659   9.9658   100.0009%
		16384   9.9659   9.9658   100.0009%
		32768   9.9659   9.9658   100.0009%
		65536   9.9659   9.9658   100.0009%

	NOBJS: 10000
		16      12.4559   13.2877   93.7401%
		32      13.2870   13.2877   99.9944%
		64      13.2870   13.2877   99.9944%
		128     13.2870   13.2877   99.9944%
		256     13.2870   13.2877   99.9944%
		512     13.2870   13.2877   99.9944%
		1024    13.2870   13.2877   99.9944%
		2048    13.2870   13.2877   99.9944%
		4096    13.2870   13.2877   99.9944%
		8192    13.2870   13.2877   99.9944%
		16384   13.2870   13.2877   99.9944%
		32768   13.1060   13.2877   98.6329%
		65536   12.3463   13.2877   92.9154%

NTHREADS: 8
	NOBJS: 100
		16      6.6154   6.6439   99.5714%
		32      6.6439   6.6439   100.0001%
		64      6.6439   6.6439   100.0001%
		128     6.6439   6.6439   100.0001%
		256     6.6439   6.6439   100.0001%
		512     6.6439   6.6439   100.0001%
		1024    6.6439   6.6439   100.0001%
		2048    6.6439   6.6439   100.0001%
		4096    6.6439   6.6439   100.0001%
		8192    6.6439   6.6439   100.0001%
		16384   6.6439   6.6439   100.0001%
		32768   6.6439   6.6439   100.0001%
		65536   6.6439   6.6439   100.0001%

	NOBJS: 1000
		16      9.5494   9.9658   95.8215%
		32      9.9659   9.9658   100.0009%
		64      9.9659   9.9658   100.0009%
		128     9.9659   9.9658   100.0009%
		256     9.9659   9.9658   100.0009%
		512     9.9659   9.9658   100.0009%
		1024    9.9659   9.9658   100.0009%
		2048    9.9659   9.9658   100.0009%
		4096    9.9659   9.9658   100.0009%
		8192    9.9659   9.9658   100.0009%
		16384   9.9659   9.9658   100.0009%
		32768   9.9659   9.9658   100.0009%
		65536   9.9659   9.9658   100.0009%

	NOBJS: 10000
		16      12.4554   13.2877   93.7361%
		32      13.2870   13.2877   99.9944%
		64      13.2870   13.2877   99.9944%
		128     13.2870   13.2877   99.9944%
		256     13.2870   13.2877   99.9944%
		512     13.2870   13.2877   99.9944%
		1024    13.2870   13.2877   99.9944%
		2048    13.2870   13.2877   99.9944%
		4096    13.2870   13.2877   99.9944%
		8192    13.2870   13.2877   99.9944%
		16384   13.2870   13.2877   99.9944%
		32768   13.1046   13.2877   98.6222%
		65536   
