
NUM_THREADS: 1
	NUM_OBJECTS: 100
		16      0.0000   6.6439   0.0002%
		32      0.0000   6.6439   0.0002%
		64      0.0000   6.6439   0.0002%

	NUM_OBJECTS: 1000
		16      0.0000   9.9658   0.0001%
		32      0.0000   9.9658   0.0001%
		64      0.0000   9.9658   0.0001%

	NUM_OBJECTS: 10000
		16      0.0000   13.2877   0.0001%
		32      0.0000   13.2877   0.0001%
		64      0.0000   13.2877   0.0001%

	NUM_OBJECTS: 100000
		16      0.0000   16.6096   0.0001%
		32      0.0000   16.6096   0.0001%
		64      0.0000   16.6096   0.0001%

	NUM_OBJECTS: 1000000
		16      0.0000   19.9316   0.0001%
		32      0.0000   19.9316   0.0001%
		64      0.0000   19.9316   0.0001%

	NUM_OBJECTS: 10000000
		16      0.0000   23.2535   0.0000%
		32      0.0000   23.2535   0.0000%
		64      0.0000   23.2535   0.0000%

NUM_THREADS: 2
	NUM_OBJECTS: 100
		16      0.0000   5.6439   0.0002%
		32      0.0000   5.6439   0.0002%
		64      0.0000   5.6439   0.0002%

	NUM_OBJECTS: 1000
		16      0.0000   8.9658   0.0001%
		32      0.0000   8.9658   0.0001%
		64      0.0000   8.9658   0.0001%

	NUM_OBJECTS: 10000
		16      0.0000   12.2877   0.0001%
		32      0.0000   12.2877   0.0001%
		64      0.0000   12.2877   0.0001%

	NUM_OBJECTS: 100000
		16      0.0000   15.6096   0.0001%
		32      0.0000   15.6096   0.0001%
		64      0.0000   15.6096   0.0001%

	NUM_OBJECTS: 1000000
		16      0.0000   18.9316   0.0001%
		32      0.0000   18.9316   0.0001%
		64      0.0000   18.9316   0.0001%

	NUM_OBJECTS: 10000000
		16      0.0000   22.2535   0.0000%
		32      0.0000   22.2535   0.0000%
		64      0.0000   22.2535   0.0000%

NUM_THREADS: 4
	NUM_OBJECTS: 100
		16      0.0000   4.6439   0.0002%
		32      0.0000   4.6439   0.0002%
		64      0.0000   4.6439   0.0002%

	NUM_OBJECTS: 1000
		16      0.0000   7.9658   0.0001%
		32      0.0000   7.9658   0.0001%
		64      0.0000   7.9658   0.0001%

	NUM_OBJECTS: 10000
		16      0.0000   11.2877   0.0001%
		32      0.0000   11.2877   0.0001%
		64      0.0000   11.2877   0.0001%

	NUM_OBJECTS: 100000
		16      0.0000   14.6096   0.0001%
		32      0.0000   14.6096   0.0001%
		64      0.0000   14.6096   0.0001%

	NUM_OBJECTS: 1000000
		16      0.0000   17.9316   0.0001%
		32      0.0000   17.9316   0.0001%
		64      0.0000   17.9316   0.0001%

	NUM_OBJECTS: 10000000
		16      0.0000   21.2535   0.0001%
		32      0.0000   21.2535   0.0001%
		64      0.0000   21.2535   0.0001%

NUM_THREADS: 8
	NUM_OBJECTS: 100
		16      0.0000   3.5850   0.0003%
		32      0.0000   3.5850   0.0003%
		64      0.0000   3.5850   0.0003%

	NUM_OBJECTS: 1000
		16      0.0000   6.9658   0.0002%
		32      0.0000   6.9658   0.0002%
		64      0.0000   6.9658   0.0002%

	NUM_OBJECTS: 10000
		16      0.0000   10.2877   0.0001%
		32      0.0000   10.2877   0.0001%
		64      0.0000   10.2877   0.0001%

	NUM_OBJECTS: 100000
		16      0.0000   13.6096   0.0001%
		32      0.0000   13.6096   0.0001%
		64      0.0000   13.6096   0.0001%

	NUM_OBJECTS: 1000000
		16      0.0000   16.9316   0.0001%
		32      0.0000   16.9316   0.0001%
		64      0.0000   16.9316   0.0001%

	NUM_OBJECTS: 10000000
		16      0.0000   20.2535   0.0001%
		32      0.0000   20.2535   0.0001%
		64      0.0000   20.2535   0.0001%

