# 100 p-values from runs test
0
0.28462
0.52218
0.98404
0.07346
0.56868
0.27134
0.34722
0.70394
0.95216
0.08186
0.13104
0.72634
0.82588
0.14986
0.71138
0.4654
0.42952
0.88076
0.39532
0.70394
0.11876
0.3843
0.6672
0.16452
0.14706
0.17068
0.38978
0.8493
0.23014
0.24604
0.56868
0.24604
0.32708
0.17068
0.1556
0.56868
0.44726
0.0784
0.23404
0.58232
0.33706
0.27572
0.48392
0.79486
0.5157
0.13362
0.90448
0.4777
0.33204
0.70394
0.2113
0.22628
0.95216
0.59612
0.5552
0.61708
0.5552
0.03662
0.54186
0.97606
0.5552
0.52218
0.45326
0.3843
0.41222
0.25014
0.18024
0.26272
0.32708
0.63836
0.38978
0.7414
0.45326
0.86502
0.14706
0.24604
0.50286
0.76418
0.17384
0.96012
0.97606
0.82588
0.09102
0.8493
0.05486
0.23404
0.82588
0.87288
0.03156
0.0198
0.15272
0.61708
0.62414
0.92828
0.00596
0.02926
0.83366
0.38978
0.238

# Max distance from CDF of uniform distribution when running KS
D = 0.11132

# Histogram of p-values
0.0 - 0.2: 24
0.2 - 0.4: 25
0.4 - 0.6: 21
0.6 - 0.8: 13
0.8 - 1.0: 17

# Final result
POSSIBLY RANDOM
