
NUM_THREADS: 1
	NUM_OBJECTS: 100
		16      6.6158   6.6439   99.5776%
		32      6.5860   6.6439   99.1295%
		64      6.5402   6.6439   98.4396%

	NUM_OBJECTS: 1000
		16      9.8075   9.9658   98.4119%
		32      9.6308   9.9658   96.6383%
		64      9.6563   9.9658   96.8948%

	NUM_OBJECTS: 10000
		16      12.8536   13.2877   96.7333%
		32      12.8567   13.2877   96.7562%
		64      12.8712   13.2877   96.8656%

	NUM_OBJECTS: 100000
		16      16.0924   16.6096   96.8856%
		32      16.0978   16.6096   96.9181%
		64      16.0875   16.6096   96.8564%

	NUM_OBJECTS: 1000000
		16      19.6053   19.9316   98.3632%
		32      19.5979   19.9316   98.3258%
		64      19.5973   19.9316   98.3228%

	NUM_OBJECTS: 10000000
		16      22.8428   23.2535   98.2340%
		32      22.8421   23.2535   98.2310%
		64      22.8552   23.2535   98.2869%

NUM_THREADS: 2
	NUM_OBJECTS: 100
		16      5.6444   5.6439   100.0098%
		32      5.5851   5.6439   98.9589%
		64      5.5695   5.6439   98.6820%

	NUM_OBJECTS: 1000
		16      8.8816   8.9658   99.0607%
		32      8.7862   8.9658   97.9972%
		64      8.6097   8.9658   96.0289%

	NUM_OBJECTS: 10000
		16      11.8675   12.2877   96.5800%
		32      11.8656   12.2877   96.5651%
		64      11.8787   12.2877   96.6711%

	NUM_OBJECTS: 100000
		16      15.0971   15.6096   96.7166%
		32      15.0989   15.6096   96.7283%
		64      15.0894   15.6096   96.6672%

	NUM_OBJECTS: 1000000
		16      18.6076   18.9316   98.2886%
		32      18.6059   18.9316   98.2799%
		64      18.6022   18.9316   98.2602%

	NUM_OBJECTS: 10000000
		16      21.8500   22.2535   98.1868%
		32      21.8511   22.2535   98.1918%
		64      21.8510   22.2535   98.1914%

NUM_THREADS: 4
	NUM_OBJECTS: 100
		16      4.6441   4.6439   100.0059%
		32      4.6441   4.6439   100.0059%
		64      4.6293   4.6439   99.6873%

	NUM_OBJECTS: 1000
		16      7.9199   7.9658   99.4237%
		32      7.8818   7.9658   98.9461%
		64      7.7865   7.9658   97.7488%

	NUM_OBJECTS: 10000
		16      10.8576   11.2877   96.1895%
		32      10.8788   11.2877   96.3777%
		64      10.8554   11.2877   96.1700%

	NUM_OBJECTS: 100000
		16      14.0954   14.6096   96.4802%
		32      14.0912   14.6096   96.4516%
		64      14.0953   14.6096   96.4798%

	NUM_OBJECTS: 1000000
		16      17.6149   17.9316   98.2340%
		32      17.6136   17.9316   98.2267%
		64      17.6079   17.9316   98.1951%

	NUM_OBJECTS: 10000000
		16      20.8482   21.2535   98.0931%
		32      20.8440   21.2535   98.0731%
		64      20.8425   21.2535   98.0664%

NUM_THREADS: 8
	NUM_OBJECTS: 100
		16      3.5851   3.5850   100.0037%
		32      3.5692   3.5850   99.5591%
		64      3.5851   3.5850   100.0037%

	NUM_OBJECTS: 1000
		16      6.9467   6.9658   99.7265%
		32      6.9393   6.9658   99.6200%
		64      6.8606   6.9658   98.4897%

	NUM_OBJECTS: 10000
		16      10.0661   10.2877   97.8459%
		32      9.8712   10.2877   95.9510%
		64      9.8750   10.2877   95.9881%

	NUM_OBJECTS: 100000
		16      13.0957   13.6096   96.2236%
		32      13.0926   13.6096   96.2012%
		64      13.0941   13.6096   96.2117%

	NUM_OBJECTS: 1000000
		16      16.6028   16.9316   98.0581%
		32      16.5997   16.9316   98.0402%
		64      16.5980   16.9316   98.0301%

	NUM_OBJECTS: 10000000
		16      19.8455   20.2535   97.9857%
		32      19.8507   20.2535   98.0110%
		64      19.8457   20.2535   97.9868%

