
NUM_THREADS: 1
	NUM_OBJECTS: 100
		16      6.4928   6.6439   97.7270%
		32      6.4928   6.6439   97.7270%
		64      6.4928   6.6439   97.7270%

	NUM_OBJECTS: 1000
		16      9.9175   9.9658   99.5157%
		32      9.9175   9.9658   99.5157%
		64      9.9084   9.9658   99.4243%

	NUM_OBJECTS: 10000
		16      13.2731   13.2877   99.8902%
		32      13.2745   13.2877   99.9004%
		64      13.2745   13.2877   99.9004%

	NUM_OBJECTS: 100000
		16      16.5962   16.6096   99.9189%
		32      16.6075   16.6096   99.9874%
		64      16.6049   16.6096   99.9715%

	NUM_OBJECTS: 1000000
		16      19.9262   19.9316   99.9731%
		32      19.9409   19.9316   100.0467%
		64      19.9283   19.9316   99.9837%

	NUM_OBJECTS: 10000000
		16      23.2496   23.2535   99.9832%
		32      23.2551   23.2535   100.0067%
		64      23.2513   23.2535   99.9906%

NUM_THREADS: 2
	NUM_OBJECTS: 100
		16      5.5387   5.6439   98.1372%
		32      5.5679   5.6439   98.6534%
		64      5.5679   5.6439   98.6534%

	NUM_OBJECTS: 1000
		16      8.8815   8.9658   99.0602%
		32      8.8845   8.9658   99.0938%
		64      8.8845   8.9658   99.0938%

	NUM_OBJECTS: 10000
		16      12.2749   12.2877   99.8956%
		32      12.2776   12.2877   99.9173%
		64      12.2725   12.2877   99.8764%

	NUM_OBJECTS: 100000
		16      15.6075   15.6096   99.9861%
		32      15.6037   15.6096   99.9617%
		64      15.6078   15.6096   99.9885%

	NUM_OBJECTS: 1000000
		16      18.9321   18.9316   100.0027%
		32      18.9276   18.9316   99.9791%
		64      18.9278   18.9316   99.9803%

	NUM_OBJECTS: 10000000
		16      22.2570   22.2535   100.0158%
		32      22.2624   22.2535   100.0402%
		64      22.2479   22.2535   99.9750%

NUM_THREADS: 4
	NUM_OBJECTS: 100
		16      4.5681   4.6439   98.3679%
		32      4.4338   4.6439   95.4777%
		64      4.4338   4.6439   95.4777%

	NUM_OBJECTS: 1000
		16      7.9434   7.9658   99.7188%
		32      7.9522   7.9658   99.8299%
		64      7.9553   7.9658   99.8679%

	NUM_OBJECTS: 10000
		16      11.2676   11.2877   99.8217%
		32      11.2694   11.2877   99.8380%
		64      11.2670   11.2877   99.8161%

	NUM_OBJECTS: 100000
		16      14.6075   14.6096   99.9857%
		32      14.6005   14.6096   99.9372%
		64      14.6037   14.6096   99.9591%

	NUM_OBJECTS: 1000000
		16      17.9396   17.9316   100.0448%
		32      17.9395   17.9316   100.0444%
		64      17.9378   17.9316   100.0346%

	NUM_OBJECTS: 10000000
		16      21.2478   21.2535   99.9730%
		32      21.2627   21.2535   100.0434%
		64      21.2480   21.2535   99.9742%

NUM_THREADS: 8
	NUM_OBJECTS: 100
		16      3.4137   3.5850   95.2215%
		32      3.4137   3.5850   95.2215%
		64      3.4772   3.5850   96.9934%

	NUM_OBJECTS: 1000
		16      6.9254   6.9658   99.4208%
		32      6.9225   6.9658   99.3786%
		64      6.9298   6.9658   99.4837%

	NUM_OBJECTS: 10000
		16      10.2751   10.2877   99.8772%
		32      10.2678   10.2877   99.8065%
		64      10.2800   10.2877   99.9248%

	NUM_OBJECTS: 100000
		16      13.6026   13.6096   99.9485%
		32      13.5995   13.6096   99.9256%
		64      13.6038   13.6096   99.9573%

	NUM_OBJECTS: 1000000
		16      16.9181   16.9316   99.9206%
		32      16.9288   16.9316   99.9835%
		64      16.9362   16.9316   100.0272%

	NUM_OBJECTS: 10000000
		16      20.2564   20.2535   100.0146%
		32      20.2464   20.2535   99.9651%
		64      20.2565   20.2535   100.0149%

