
NUM_THREADS: 1
	NUM_OBJECTS: 100
		16      6.6450   6.6439   100.0166%
		32      6.6450   6.6439   100.0166%
		64      6.6450   6.6439   100.0166%

	NUM_OBJECTS: 1000
		16      9.9623   9.9658   99.9645%
		32      9.9710   9.9658   100.0527%
		64      9.9637   9.9658   99.9793%

	NUM_OBJECTS: 10000
		16      13.2902   13.2877   100.0184%
		32      13.2794   13.2877   99.9373%
		64      13.2881   13.2877   100.0033%

	NUM_OBJECTS: 100000
		16      16.6059   16.6096   99.9774%
		32      16.6159   16.6096   100.0374%
		64      16.6050   16.6096   99.9719%

	NUM_OBJECTS: 1000000
		16      19.9269   19.9316   99.9764%
		32      19.9225   19.9316   99.9545%
		64      19.9421   19.9316   100.0526%

	NUM_OBJECTS: 10000000
		16      23.2449   23.2535   99.9629%
		32      23.0072   23.2535   98.9410%
		64      21.9989   23.2535   94.6045%

NUM_THREADS: 2
	NUM_OBJECTS: 100
		16      5.6444   5.6439   100.0098%
		32      5.6444   5.6439   100.0098%
		64      5.6444   5.6439   100.0098%

	NUM_OBJECTS: 1000
		16      8.9670   8.9658   100.0130%
		32      8.9670   8.9658   100.0130%
		64      8.9684   8.9658   100.0292%

	NUM_OBJECTS: 10000
		16      12.2885   12.2877   100.0063%
		32      12.2879   12.2877   100.0012%
		64      12.2888   12.2877   100.0088%

	NUM_OBJECTS: 100000
		16      15.6035   15.6096   99.9609%
		32      15.6101   15.6096   100.0028%
		64      15.6063   15.6096   99.9784%

	NUM_OBJECTS: 1000000
		16      18.9274   18.9316   99.9779%
		32      18.9312   18.9316   99.9979%
		64      18.9294   18.9316   99.9886%

	NUM_OBJECTS: 10000000
		16      22.2465   22.2535   99.9685%
		32      22.2544   22.2535   100.0043%
		64      22.0162   22.2535   98.9336%

NUM_THREADS: 4
	NUM_OBJECTS: 100
		16      4.6441   4.6439   100.0059%
		32      4.6441   4.6439   100.0059%
		64      4.6441   4.6439   100.0059%

	NUM_OBJECTS: 1000
		16      7.9671   7.9658   100.0164%
		32      7.9671   7.9658   100.0164%
		64      7.9671   7.9658   100.0164%

	NUM_OBJECTS: 10000
		16      11.2863   11.2877   99.9871%
		32      11.2863   11.2877   99.9872%
		64      11.2918   11.2877   100.0362%

	NUM_OBJECTS: 100000
		16      14.6112   14.6096   100.0104%
		32      14.6077   14.6096   99.9867%
		64      14.6143   14.6096   100.0316%

	NUM_OBJECTS: 1000000
		16      17.9313   17.9316   99.9983%
		32      17.9339   17.9316   100.0127%
		64      17.9272   17.9316   99.9758%

	NUM_OBJECTS: 10000000
		16      21.2512   21.2535   99.9892%
		32      21.2482   21.2535   99.9753%
		64      21.2522   21.2535   99.9941%

NUM_THREADS: 8
	NUM_OBJECTS: 100
		16      3.5851   3.5850   100.0037%
		32      3.5851   3.5850   100.0037%
		64      3.5851   3.5850   100.0037%

	NUM_OBJECTS: 1000
		16      6.9657   6.9658   99.9989%
		32      6.9643   6.9658   99.9781%
		64      6.9672   6.9658   100.0198%

	NUM_OBJECTS: 10000
		16      10.2906   10.2877   100.0282%
		32      10.2905   10.2877   100.0268%
		64      10.2889   10.2877   100.0111%

	NUM_OBJECTS: 100000
		16      13.6134   13.6096   100.0276%
		32      13.6091   13.6096   99.9959%
		64      13.6080   13.6096   99.9877%

	NUM_OBJECTS: 1000000
		16      16.9392   16.9316   100.0449%
		32      16.9371   16.9316   100.0325%
		64      16.9293   16.9316   99.9865%

	NUM_OBJECTS: 10000000
		16      20.2576   20.2535   100.0204%
		32      20.2551   20.2535   100.0080%
		64      20.2519   20.2535   99.9922%

