
NUM_THREADS: 1
	NUM_OBJECTS: 100
		16      6.6450   6.6439   100.0166%
		32      6.6450   6.6439   100.0166%
		64      6.5246   6.6439   98.2046%

	NUM_OBJECTS: 1000
		16      9.6289   9.9658   96.6199%
		32      9.9281   9.9658   99.6217%
		64      7.7027   9.9658   77.2918%

	NUM_OBJECTS: 10000
		16      11.8070   13.2877   88.8568%
		32      10.5848   13.2877   79.6588%
		64      9.9099   13.2877   74.5797%

	NUM_OBJECTS: 100000
		16      11.8998   16.6096   71.6442%
		32      10.5771   16.6096   63.6806%
		64      9.9038   16.6096   59.6270%

	NUM_OBJECTS: 1000000
		16      11.9110   19.9316   59.7595%
		32      10.5887   19.9316   53.1251%
		64      9.9084   19.9316   49.7121%

	NUM_OBJECTS: 10000000
		16      11.9058   23.2535   51.2002%
		32      10.5887   23.2535   45.5358%
		64      9.9069   23.2535   42.6039%

NUM_THREADS: 2
	NUM_OBJECTS: 100
		16      5.6444   5.6439   100.0098%
		32      5.6444   5.6439   100.0098%
		64      5.4022   5.6439   95.7176%

	NUM_OBJECTS: 1000
		16      8.9507   8.9658   99.8320%
		32      8.4978   8.9658   94.7807%
		64      8.7258   8.9658   97.3229%

	NUM_OBJECTS: 10000
		16      10.5634   12.2877   85.9671%
		32      10.9033   12.2877   88.7333%
		64      9.3919   12.2877   76.4331%

	NUM_OBJECTS: 100000
		16      11.9032   15.6096   76.2557%
		32      10.9017   15.6096   69.8398%
		64      9.9107   15.6096   63.4908%

	NUM_OBJECTS: 1000000
		16      11.9088   18.9316   62.9045%
		32      10.9087   18.9316   57.6218%
		64      9.9061   18.9316   52.3260%

	NUM_OBJECTS: 10000000
		16      11.9054   22.2535   53.4991%
		32      10.9103   22.2535   49.0271%
		64      9.9099   22.2535   44.5320%

NUM_THREADS: 4
	NUM_OBJECTS: 100
		16      4.6441   4.6439   100.0059%
		32      4.6441   4.6439   100.0059%
		64      4.6441   4.6439   100.0059%

	NUM_OBJECTS: 1000
		16      7.9326   7.9658   99.5839%
		32      7.7810   7.9658   97.6809%
		64      7.9407   7.9658   99.6846%

	NUM_OBJECTS: 10000
		16      11.0147   11.2877   97.5810%
		32      10.9064   11.2877   96.6218%
		64      9.7286   11.2877   86.1872%

	NUM_OBJECTS: 100000
		16      11.7941   14.6096   80.7282%
		32      10.8975   14.6096   74.5909%
		64      9.9031   14.6096   67.7844%

	NUM_OBJECTS: 1000000
		16      11.9116   17.9316   66.4281%
		32      10.9110   17.9316   60.8481%
		64      9.9084   17.9316   55.2568%

	NUM_OBJECTS: 10000000
		16      11.9086   21.2535   56.0313%
		32      10.9110   21.2535   51.3376%
		64      9.9107   21.2535   46.6309%

NUM_THREADS: 8
	NUM_OBJECTS: 100
		16      3.5851   3.5850   100.0037%
		32      3.5851   3.5850   100.0037%
		64      3.5061   3.5850   97.8014%

	NUM_OBJECTS: 1000
		16      6.9657   6.9658   99.9989%
		32      6.9404   6.9658   99.6359%
		64      6.7982   6.9658   97.5937%

	NUM_OBJECTS: 10000
		16      10.2298   10.2877   99.4371%
		32      9.8280   10.2877   95.5315%
		64      9.0083   10.2877   87.5641%

	NUM_OBJECTS: 100000
		16      11.2519   13.6096   82.6761%
		32      10.9010   13.6096   80.0973%
		64      9.8665   13.6096   72.4962%

	NUM_OBJECTS: 1000000
		16      11.9048   16.9316   70.3114%
		32      10.9056   16.9316   64.4099%
		64      9.9054   16.9316   58.5023%

	NUM_OBJECTS: 10000000
		16      11.9070   20.2535   58.7899%
		32      10.8986   20.2535   53.8111%
		64      9.9015   20.2535   48.8880%

