RUNS TEST (100 TRIALS)
0.04136
0.93624
0.18024
0.18684
0.63122
0.05744
0.87288
0.9681
0.82588
0.30772
0.18684
0.26272
0.09296
0.47152
0.77948
0.82588
0.16758
0.5892
0.85716
0.53526
0.90448
0.68916
0.26272
0.9681
0.81034
0.1936
0.98404
0.42372
0.4654
0.05486
0.79486
0.52218
0.81034
0.33706
0.12356
0.93624
0.42372
0.26272
0.36812
0.61006
0.38978
0.4009
0.4009
0.01046
0.71884
0.11876
0.13888
0.56868
1
0.1556
0.1556
0.50926
0.36812
0.90448
0.13362
0.84148
0.35758
0.4009
0.9442
0.98404
0.21498
0.47152
0.76418
0.93624
0.5485
0.08914
0.36282
0.31732
0.29834
0.17384
0.63122
0.23014
0.0048
0.56192
0.1096
0.18684
0.47152
0.5485
0.70394
0.79486
0.76418
0.5892
0.16758
0.5552
0.50926
0.78716
0.20054
0.87288
0.5892
0.25428
0.87288
0.73386
0.4593
0.1096
0.88866
0.87288
0.61708
0.90448
0.7414
0.74896

P-VALUE DISTRIBUTION
0.0 - 0.2: 23
0.2 - 0.4: 16
0.4 - 0.6: 22
0.6 - 0.8: 16
0.8 - 1.0: 23

KOLMOGOROV-SMIRNOV TEST
MAX DISTANCE FROM UNIFORM DISTRIBUTION CDF: 0.05418

ALLOCATOR IS POSSIBLY RANDOM
