
NUM_THREADS: 1
	NUM_OBJECTS: 100
		16      6.6450   6.6439   100.0166%
		32      6.6450   6.6439   100.0166%
		64      6.6450   6.6439   100.0166%

	NUM_OBJECTS: 1000
		16      9.9681   9.9658   100.0234%
		32      9.9710   9.9658   100.0527%
		64      9.9623   9.9658   99.9645%

	NUM_OBJECTS: 10000
		16      13.2908   13.2877   100.0235%
		32      12.7066   13.2877   95.6269%
		64      11.8125   13.2877   88.8983%

	NUM_OBJECTS: 100000
		16      13.3979   16.6096   80.6637%
		32      12.7054   16.6096   76.4943%
		64      11.8164   16.6096   71.1416%

	NUM_OBJECTS: 1000000
		16      13.3981   19.9316   67.2205%
		32      12.7062   19.9316   63.7489%
		64      11.8227   19.9316   59.3164%

	NUM_OBJECTS: 10000000
		16      13.3921   23.2535   57.5918%
		32      12.7088   23.2535   54.6532%
		64      11.8248   23.2535   50.8517%

NUM_THREADS: 2
	NUM_OBJECTS: 100
		16      5.6444   5.6439   100.0098%
		32      5.6444   5.6439   100.0098%
		64      5.6444   5.6439   100.0098%

	NUM_OBJECTS: 1000
		16      8.9699   8.9658   100.0454%
		32      8.9655   8.9658   99.9968%
		64      8.9626   8.9658   99.9643%

	NUM_OBJECTS: 10000
		16      12.2875   12.2877   99.9987%
		32      12.2893   12.2877   100.0126%
		64      11.8142   12.2877   96.1468%

	NUM_OBJECTS: 100000
		16      13.3995   15.6096   85.8413%
		32      12.7032   15.6096   81.3802%
		64      11.8089   15.6096   75.6516%

	NUM_OBJECTS: 1000000
		16      13.3977   18.9316   70.7691%
		32      12.7083   18.9316   67.1276%
		64      11.8229   18.9316   62.4507%

	NUM_OBJECTS: 10000000
		16      13.3940   22.2535   60.1883%
		32      12.7084   22.2535   57.1075%
		64      11.8229   22.2535   53.1282%

NUM_THREADS: 4
	NUM_OBJECTS: 100
		16      4.6441   4.6439   100.0059%
		32      4.6441   4.6439   100.0059%
		64      4.6441   4.6439   100.0059%

	NUM_OBJECTS: 1000
		16      7.9671   7.9658   100.0164%
		32      7.9656   7.9658   99.9981%
		64      7.9656   7.9658   99.9982%

	NUM_OBJECTS: 10000
		16      11.2852   11.2877   99.9778%
		32      11.2908   11.2877   100.0269%
		64      11.2872   11.2877   99.9951%

	NUM_OBJECTS: 100000
		16      13.3956   14.6096   91.6900%
		32      12.7060   14.6096   86.9697%
		64      11.8167   14.6096   80.8827%

	NUM_OBJECTS: 1000000
		16      13.3978   17.9316   74.7164%
		32      12.7056   17.9316   70.8561%
		64      11.8205   17.9316   65.9199%

	NUM_OBJECTS: 10000000
		16      13.4007   21.2535   63.0518%
		32      12.7106   21.2535   59.8046%
		64      11.8184   21.2535   55.6067%

NUM_THREADS: 8
	NUM_OBJECTS: 100
		16      3.5851   3.5850   100.0037%
		32      3.5851   3.5850   100.0037%
		64      3.5851   3.5850   100.0037%

	NUM_OBJECTS: 1000
		16      6.9657   6.9658   99.9989%
		32      6.9672   6.9658   100.0198%
		64      6.9672   6.9658   100.0198%

	NUM_OBJECTS: 10000
		16      10.2855   10.2877   99.9782%
		32      10.2883   10.2877   100.0054%
		64      10.2874   10.2877   99.9968%

	NUM_OBJECTS: 100000
		16      13.3801   13.6096   98.3132%
		32      12.7064   13.6096   93.3635%
		64      11.8110   13.6096   86.7838%

	NUM_OBJECTS: 1000000
		16      13.3976   16.9316   79.1281%
		32      12.7049   16.9316   75.0369%
		64      11.8174   16.9316   69.7951%

	NUM_OBJECTS: 10000000
		16      13.3955   20.2535   66.1394%
		32      12.7111   20.2535   62.7600%
		64      11.8228   20.2535   58.3743%

