RUNS TEST (100 TRIALS)
0.84148
0.5892
0.4009
0.238
0.24604
0.13362
0.30772
0.35758
0.61708
0.67448
0.07186
0.07186
0.71884
0.1141
0.70394
0.06876
0.18684
0.48392
0.09296
0.36812
0.48392
0.95216
0.42372
0.0477
0.0083
0.77948
0.0455
0.63122
0.16152
0.12852
0.4593
0.37886
0.28014
0.9681
0.87288
0.68916
0.03752
0.00374
0.76418
0.08544
0.87288
0.1096
0.1936
0.34722
0.57548
0.57548
0.28914
0.53526
0.79486
0.0601
0.08914
0.5485
0.11876
0.88866
0.16152
0.87288
0.63122
0.61708
0.85716
0.1443
0.64552
0.9681
0.08914
0.00452
0.68916
0.20766
0.93624
0.05486
0.93624
0.84148
0.73386
0.48392
0.26272
0.95216
0.70394
0.4593
0.00038
0.53526
0.22246
0.90448
0.13362
0.4354
0.87288
0.95216
0.47152
0.18684
0.84148
0.53526
0.5485
0.02382
0.5485
0.44726
0.65994
0.11876
0.79486
0.68916
0.30772
0.38978
0.32708
0.79486

P-VALUE DISTRIBUTION
0.0 - 0.2: 30
0.2 - 0.4: 15
0.4 - 0.6: 19
0.6 - 0.8: 19
0.8 - 1.0: 17

KOLMOGOROV-SMIRNOV TEST
MAX DISTANCE FROM UNIFORM DISTRIBUTION CDF: 0.10848

ALLOCATOR IS POSSIBLY RANDOM
