RUNS TEST (100 TRIALS)
0
0
0
0
0
0
0.00168
0.38978
0.81034
0.71884
0.16758
0.5892
0.0601
0.02642
0.71884
0.60306
0.88866
0.74896
0.60306
0.70394
0.12852
0.5485
0.05744
0.93624
0.30772
0.65994
0.0394
0.18024
0.56192
0.81034
0.18684
0.4009
0.61708
0.21498
0.92034
0.74896
0.50926
0.74896
0.1096
0.08186
0.61708
0.56192
0.13888
0.52218
0.101
0.01732
0.29834
0.5485
0.82588
0.32708
0.31732
0.84148
0.1936
0.17384
0.13888
0.36812
0.81034
0.64552
0.12852
0.12356
0.25428
0.81034
0.81034
0.30772
0.0394
0.93624
0.47152
0.87288
0.01108
0.52218
0.73386
0.92034
0.20054
0.60306
0.34722
0.73386
0.32708
0.23014
0.87288
0.52218
0.12356
0.30772
0.10524
0.22246
0.65994
0.4965
0.5892
0.71884
0.56192
0.53526
0.22246
0.98404
0.57548
0.16152
0.24604
0.28914
0.53526
0.20054
0.12852
0.33706

P-VALUE DISTRIBUTION
0.0 - 0.2: 31
0.2 - 0.4: 20
0.4 - 0.6: 17
0.6 - 0.8: 17
0.8 - 1.0: 15

KOLMOGOROV-SMIRNOV TEST
MAX DISTANCE FROM UNIFORM DISTRIBUTION CDF: 0.14294

ALLOCATOR IS POSSIBLY RANDOM
