NTHREADS: 1
	NOBJS: 100
		16      9.8658   6.6439   148.4950%
		32      9.9658   6.6439   150.0002%
		64      9.9658   6.6439   150.0002%
		128     9.9658   6.6439   150.0002%
		256     9.9658   6.6439   150.0002%
		512     9.9458   6.6439   149.6992%
		1024    9.9658   6.6439   150.0002%
		2048    9.9658   6.6439   150.0002%
		4096    9.9658   6.6439   150.0002%
		8192    9.9658   6.6439   150.0002%
		16384   9.9658   6.6439   150.0002%
		32768   9.9658   6.6439   150.0002%
		65536   9.9658   6.6439   150.0002%

	NOBJS: 1000
		16      13.7176   9.9658   137.6467%
		32      14.6868   9.9658   147.3724%
		64      14.6908   9.9658   147.4125%
		128     14.6908   9.9658   147.4125%
		256     14.6648   9.9658   147.1516%
		512     14.6188   9.9658   146.6900%
		1024    14.6748   9.9658   147.2520%
		2048    14.6428   9.9658   146.9308%
		4096    14.6428   9.9658   146.9308%
		8192    14.6428   9.9658   146.9308%
		16384   14.6428   9.9658   146.9308%
		32768   14.6428   9.9658   146.9308%
		65536   14.6908   9.9658   147.4125%

	NOBJS: 10000
		16      17.8176   13.2877   134.0910%
		32      19.1689   13.2877   144.2606%
		64      19.1685   13.2877   144.2574%
		128     19.1693   13.2877   144.2636%
		256     19.1737   13.2877   144.2963%
		512     19.1721   13.2877   144.2846%
		1024    19.1753   13.2877   144.3085%
		2048    19.1722   13.2877   144.2854%
		4096    19.1722   13.2877   144.2854%
		8192    19.1722   13.2877   144.2853%
		16384   19.1722   13.2877   144.2852%
		32768   18.8200   13.2877   141.6343%
		65536   17.6504   13.2877   132.8327%

NTHREADS: 2
	NOBJS: 100
		16      9.9458   6.6439   149.6992%
		32      9.9458   6.6439   149.6992%
		64      9.9458   6.6439   149.6992%
		128     9.9458   6.6439   149.6992%
		256     9.9558   6.6439   149.8496%
		512     9.9558   6.6439   149.8496%
		1024    9.9558   6.6439   149.8496%
		2048    9.9658   6.6439   150.0002%
		4096    9.9658   6.6439   150.0002%
		8192    9.9658   6.6439   150.0002%
		16384   9.9658   6.6439   150.0002%
		32768   9.9658   6.6439   150.0002%
		65536   9.9458   6.6439   149.6992%

	NOBJS: 1000
		16      13.6666   9.9658   137.1352%
		32      14.6528   9.9658   147.0312%
		64      14.6518   9.9658   147.0211%
		128     14.6538   9.9658   147.0412%
		256     14.6208   9.9658   146.7100%
		512     14.6308   9.9658   146.8104%
		1024    14.6538   9.9658   147.0412%
		2048    14.6588   9.9658   147.0914%
		4096    14.6578   9.9658   147.0814%
		8192    14.6578   9.9658   147.0814%
		16384   14.6678   9.9658   147.1817%
		32768   14.6678   9.9658   147.1817%
		65536   14.6528   9.9658   147.0311%

	NOBJS: 10000
		16      17.8165   13.2877   134.0825%
		32      19.1721   13.2877   144.2841%
		64      19.1733   13.2877   144.2938%
		128     19.1723   13.2877   144.2863%
		256     19.1718   13.2877   144.2820%
		512     19.1717   13.2877   144.2811%
		1024    19.1723   13.2877   144.2857%
		2048    19.1704   13.2877   144.2713%
		4096    19.1701   13.2877   144.2697%
		8192    19.1701   13.2877   144.2697%
		16384   19.1701   13.2877   144.2690%
		32768   18.8429   13.2877   141.8072%
		65536   17.6953   13.2877   133.1704%

NTHREADS: 4
	NOBJS: 100
		16      9.8658   6.6439   148.4947%
		32      9.9558   6.6439   149.8496%
		64      9.9558   6.6439   149.8496%
		128     9.9558   6.6439   149.8496%
		256     9.9558   6.6439   149.8496%
		512     9.9558   6.6439   149.8496%
		1024    9.9558   6.6439   149.8496%
		2048    9.9408   6.6439   149.6237%
		4096    9.9408   6.6439   149.6237%
		8192    9.9408   6.6439   149.6237%
		16384   9.9408   6.6439   149.6237%
		32768   9.9408   6.6439   149.6237%
		65536   9.9558   6.6439   149.8496%

	NOBJS: 1000
		16      13.6939   9.9658   137.4093%
		32      14.6423   9.9658   146.9257%
		64      14.6478   9.9658   146.9809%
		128     14.6563   9.9658   147.0662%
		256     14.6428   9.9658   146.9308%
		512     14.6448   9.9658   146.9508%
		1024    14.6428   9.9658   146.9307%
		2048    14.6463   9.9658   146.9659%
		4096    14.6463   9.9658   146.9659%
		8192    14.6463   9.9658   146.9659%
		16384   14.6468   9.9658   146.9709%
		32768   14.6468   9.9658   146.9709%
		65536   14.6663   9.9658   147.1666%

	NOBJS: 10000
		16      17.8175   13.2877   134.0898%
		32      19.1720   13.2877   144.2834%
		64      19.1717   13.2877   144.2811%
		128     19.1719   13.2877   144.2827%
		256     19.1717   13.2877   144.2813%
		512     19.1714   13.2877   144.2790%
		1024    19.1735   13.2877   144.2948%
		2048    19.1727   13.2877   144.2891%
		4096    19.1703   13.2877   144.2706%
		8192    19.1702   13.2877   144.2703%
		16384   19.1703   13.2877   144.2706%
		32768   18.8399   13.2877   141.7844%
		65536   17.6926   13.2877   133.1504%

NTHREADS: 8
	NOBJS: 100
		16      9.9082   6.6439   149.1340%
		32      9.9558   6.6439   149.8495%
		64      9.9558   6.6439   149.8495%
		128     9.9558   6.6439   149.8495%
		256     9.9558   6.6439   149.8495%
		512     9.9483   6.6439   149.7366%
		1024    9.9558   6.6439   149.8495%
		2048    9.9583   6.6439   149.8872%
		4096    9.9583   6.6439   149.8872%
		8192    9.9533   6.6439   149.8119%
		16384   9.9533   6.6439   149.8119%
		32768   9.9533   6.6439   149.8119%
		65536   9.9583   6.6439   149.8872%

	NOBJS: 1000
		16      13.6886   9.9658   137.3556%
		32      14.6493   9.9658   146.9960%
		64      14.6493   9.9658   146.9960%
		128     14.6476   9.9658   146.9784%
		256     14.6488   9.9658   146.9910%
		512     14.6456   9.9658   146.9584%
		1024    14.6536   9.9658   147.0386%
		2048    14.6503   9.9658   147.0060%
		4096    14.6503   9.9658   147.0060%
		8192    14.6503   9.9658   147.0060%
		16384   14.6456   9.9658   146.9583%
		32768   14.6456   9.9658   146.9583%
		65536   14.6501   9.9658   147.0036%

	NOBJS: 10000
		16      17.8177   13.2877   134.0912%
		32      19.1709   13.2877   144.2756%
		64      19.1709   13.2877   144.2757%
		128     19.1712   13.2877   144.2773%
		256     19.1715   13.2877   144.2801%
		512     19.1715   13.2877   144.2799%
		1024    19.1726   13.2877   144.2878%
		2048    19.1716   13.2877   144.2804%
		4096    19.1715   13.2877   144.2802%
		8192    19.1716   13.2877   144.2805%
		16384   19.1715   13.2877   144.2797%
		32768   18.8351   13.2877   141.7480%
		65536   
