
NUM_THREADS: 1
	NUM_OBJECTS: 100
		16      6.6439   6.6439   100.0001%
		32      6.6439   6.6439   100.0001%
		64      6.6439   6.6439   100.0001%
		128     6.6439   6.6439   100.0001%
		256     6.6439   6.6439   100.0001%
		512     6.6439   6.6439   100.0001%
		1024    6.6439   6.6439   100.0001%
		2048    6.6439   6.6439   100.0001%
		4096    6.6439   6.6439   100.0001%
		8192    6.6439   6.6439   100.0001%
		16384   6.6439   6.6439   100.0001%
		32768   6.6439   6.6439   100.0001%

	NUM_OBJECTS: 1000
		16      9.9659   9.9658   100.0009%
		32      9.9659   9.9658   100.0009%
		64      9.9659   9.9658   100.0009%
		128     9.9659   9.9658   100.0009%
		256     9.9659   9.9658   100.0009%
		512     9.9659   9.9658   100.0009%
		1024    9.9659   9.9658   100.0009%
		2048    9.9659   9.9658   100.0009%
		4096    9.9659   9.9658   100.0009%
		8192    9.9659   9.9658   100.0009%
		16384   9.9659   9.9658   100.0009%
		32768   9.9659   9.9658   100.0009%

	NUM_OBJECTS: 10000
		16      13.2870   13.2877   99.9944%
		32      13.2870   13.2877   99.9944%
		64      13.2870   13.2877   99.9944%
		128     13.2870   13.2877   99.9944%
		256     13.2870   13.2877   99.9944%
		512     13.2870   13.2877   99.9944%
		1024    13.2870   13.2877   99.9944%
		2048    13.2870   13.2877   99.9944%
		4096    13.2870   13.2877   99.9944%
		8192    13.2870   13.2877   99.9944%
		16384   13.2870   13.2877   99.9944%
		32768   13.0964   13.2877   98.5603%

NUM_THREADS: 2
	NUM_OBJECTS: 100
		16      5.6439   5.6439   99.9999%
		32      5.6439   5.6439   99.9999%
		64      5.6439   5.6439   99.9999%
		128     5.6439   5.6439   99.9999%
		256     5.6439   5.6439   99.9999%
		512     5.6439   5.6439   99.9999%
		1024    5.6439   5.6439   99.9999%
		2048    5.6439   5.6439   99.9999%
		4096    5.6439   5.6439   99.9999%
		8192    5.6439   5.6439   99.9999%
		16384   5.6439   5.6439   99.9999%
		32768   5.6439   5.6439   99.9999%

	NUM_OBJECTS: 1000
		16      8.9658   8.9658   99.9998%
		32      8.9658   8.9658   99.9998%
		64      8.9658   8.9658   99.9998%
		128     8.9658   8.9658   99.9998%
		256     8.9658   8.9658   99.9998%
		512     8.9658   8.9658   99.9998%
		1024    8.9658   8.9658   99.9998%
		2048    8.9658   8.9658   99.9998%
		4096    8.9658   8.9658   99.9998%
		8192    8.9658   8.9658   99.9998%
		16384   8.9658   8.9658   99.9998%
		32768   8.9658   8.9658   99.9998%

	NUM_OBJECTS: 10000
		16      12.2880   12.2877   100.0025%
		32      12.2880   12.2877   100.0025%
		64      12.2880   12.2877   100.0025%
		128     12.2880   12.2877   100.0025%
		256     12.2880   12.2877   100.0025%
		512     12.2880   12.2877   100.0025%
		1024    12.2880   12.2877   100.0025%
		2048    12.2880   12.2877   100.0025%
		4096    12.2880   12.2877   100.0025%
		8192    12.2880   12.2877   100.0025%
		16384   12.2880   12.2877   100.0025%
		32768   12.2880   12.2877   100.0025%

NUM_THREADS: 4
	NUM_OBJECTS: 100
		16      4.6439   4.6439   100.0000%
		32      4.6439   4.6439   100.0000%
		64      4.6439   4.6439   100.0000%
		128     4.6439   4.6439   100.0000%
		256     4.6439   4.6439   100.0000%
		512     4.6439   4.6439   100.0000%
		1024    4.6439   4.6439   100.0000%
		2048    4.6439   4.6439   100.0000%
		4096    4.6439   4.6439   100.0000%
		8192    4.6439   4.6439   100.0000%
		16384   4.6439   4.6439   100.0000%
		32768   4.6439   4.6439   100.0000%

	NUM_OBJECTS: 1000
		16      7.9658   7.9658   100.0002%
		32      7.9658   7.9658   100.0002%
		64      7.9658   7.9658   100.0002%
		128     7.9658   7.9658   100.0002%
		256     7.9658   7.9658   100.0002%
		512     7.9658   7.9658   100.0002%
		1024    7.9658   7.9658   100.0002%
		2048    7.9658   7.9658   100.0002%
		4096    7.9658   7.9658   100.0002%
		8192    7.9658   7.9658   100.0002%
		16384   7.9658   7.9658   100.0002%
		32768   7.9658   7.9658   100.0002%

	NUM_OBJECTS: 10000
		16      11.2875   11.2877   99.9985%
		32      11.2875   11.2877   99.9985%
		64      11.2875   11.2877   99.9985%
		128     11.2875   11.2877   99.9985%
		256     11.2875   11.2877   99.9985%
		512     11.2875   11.2877   99.9985%
		1024    11.2875   11.2877   99.9985%
		2048    11.2875   11.2877   99.9985%
		4096    11.2875   11.2877   99.9985%
		8192    11.2875   11.2877   99.9985%
		16384   11.2875   11.2877   99.9985%
		32768   11.2875   11.2877   99.9985%

NUM_THREADS: 8
	NUM_OBJECTS: 100
		16      3.5850   3.5850   100.0000%
		32      3.5850   3.5850   100.0000%
		64      3.5850   3.5850   100.0000%
		128     3.5850   3.5850   100.0000%
		256     3.5850   3.5850   100.0000%
		512     3.5850   3.5850   100.0000%
		1024    3.5850   3.5850   100.0000%
		2048    3.5850   3.5850   100.0000%
		4096    3.5850   3.5850   100.0000%
		8192    3.5850   3.5850   100.0000%
		16384   3.5850   3.5850   100.0000%
		32768   3.5850   3.5850   100.0000%

	NUM_OBJECTS: 1000
		16      6.9658   6.9658   99.9998%
		32      6.9658   6.9658   99.9998%
		64      6.9658   6.9658   99.9998%
		128     6.9658   6.9658   99.9998%
		256     6.9658   6.9658   99.9998%
		512     6.9658   6.9658   99.9998%
		1024    6.9658   6.9658   99.9998%
		2048    6.9658   6.9658   99.9998%
		4096    6.9658   6.9658   99.9998%
		8192    6.9658   6.9658   99.9998%
		16384   6.9658   6.9658   99.9998%
		32768   6.9658   6.9658   99.9998%

	NUM_OBJECTS: 10000
		16      10.2878   10.2877   100.0004%
		32      10.2878   10.2877   100.0004%
		64      10.2878   10.2877   100.0004%
		128     10.2878   10.2877   100.0004%
		256     10.2878   10.2877   100.0004%
		512     10.2878   10.2877   100.0004%
		1024    10.2878   10.2877   100.0004%
		2048    10.2878   10.2877   100.0004%
		4096    10.2878   10.2877   100.0004%
		8192    10.2878   10.2877   100.0004%
		16384   10.2878   10.2877   100.0004%
		32768   10.2878   10.2877   100.0004%

