
NUM_THREADS: 1
	NUM_OBJECTS: 100
		16      6.6239   6.6439   99.6991%
		32      6.5239   6.6439   98.1939%
		64      6.5439   6.6439   98.4949%
		128     6.5039   6.6439   97.8929%
		256     6.3763   6.6439   95.9731%
		512     5.9586   6.6439   89.6853%
		1024    5.9386   6.6439   89.3843%
		2048    5.9812   6.6439   90.0262%
		4096    5.8484   6.6439   88.0267%
		8192    5.9737   6.6439   89.9126%
		16384   5.8349   6.6439   87.8243%
		32768   5.9661   6.6439   89.7989%

	NUM_OBJECTS: 1000
		16      9.6955   9.9658   97.2883%
		32      9.4834   9.9658   95.1597%
		64      9.5633   9.9658   95.9610%
		128     9.5550   9.9658   95.8777%
		256     9.4843   9.9658   95.1689%
		512     9.5382   9.9658   95.7100%
		1024    9.4671   9.9658   94.9962%
		2048    9.5195   9.9658   95.5214%
		4096    9.5370   9.9658   95.6974%
		8192    9.5572   9.9658   95.9004%
		16384   9.5199   9.9658   95.5263%
		32768   9.5060   9.9658   95.3864%

	NUM_OBJECTS: 10000
		16      12.7405   13.2877   95.8822%
		32      12.7375   13.2877   95.8593%
		64      12.7380   13.2877   95.8631%
		128     12.7372   13.2877   95.8572%
		256     12.7503   13.2877   95.9555%
		512     12.7476   13.2877   95.9353%
		1024    12.7438   13.2877   95.9064%
		2048    12.7377   13.2877   95.8607%
		4096    12.7358   13.2877   95.8468%
		8192    12.7461   13.2877   95.9241%
		16384   12.7469   13.2877   95.9298%
		32768   12.7343   13.2877   95.8353%

NUM_THREADS: 2
	NUM_OBJECTS: 100
		16      5.6439   5.6439   99.9999%
		32      5.6439   5.6439   99.9999%
		64      5.6238   5.6439   99.6449%
		128     5.5435   5.6439   98.2224%
		256     5.5639   5.6439   98.5825%
		512     5.1867   5.6439   91.9005%
		1024    5.0710   5.6439   89.8500%
		2048    4.9983   5.6439   88.5611%
		4096    5.1040   5.6439   90.4342%
		8192    4.9784   5.6439   88.2099%
		16384   5.1212   5.6439   90.7393%
		32768   5.0182   5.6439   88.9144%

	NUM_OBJECTS: 1000
		16      8.8335   8.9658   98.5245%
		32      8.7612   8.9658   97.7181%
		64      8.5123   8.9658   94.9418%
		128     8.5341   8.9658   95.1854%
		256     8.5231   8.9658   95.0621%
		512     8.5439   8.9658   95.2943%
		1024    8.5802   8.9658   95.6988%
		2048    8.5053   8.9658   94.8639%
		4096    8.5474   8.9658   95.3338%
		8192    8.5110   8.9658   94.9277%
		16384   8.5586   8.9658   95.4587%
		32768   8.4919   8.9658   94.7143%

	NUM_OBJECTS: 10000
		16      11.7454   12.2877   95.5868%
		32      11.7527   12.2877   95.6456%
		64      11.7423   12.2877   95.5616%
		128     11.7376   12.2877   95.5232%
		256     11.7432   12.2877   95.5683%
		512     11.7530   12.2877   95.6481%
		1024    11.7337   12.2877   95.4915%
		2048    11.7560   12.2877   95.6730%
		4096    11.7318   12.2877   95.4761%
		8192    11.7528   12.2877   95.6468%
		16384   11.7472   12.2877   95.6014%
		32768   11.7602   12.2877   95.7067%

NUM_THREADS: 4
	NUM_OBJECTS: 100
		16      4.6439   4.6439   100.0000%
		32      4.6237   4.6439   99.5665%
		64      4.6237   4.6439   99.5665%
		128     4.6439   4.6439   100.0000%
		256     4.5023   4.6439   96.9515%
		512     4.4360   4.6439   95.5249%
		1024    4.3673   4.6439   94.0450%
		2048    4.0252   4.6439   86.6775%
		4096    3.9569   4.6439   85.2064%
		8192    3.8820   4.6439   83.5941%
		16384   3.9134   4.6439   84.2711%
		32768   3.9694   4.6439   85.4768%

	NUM_OBJECTS: 1000
		16      7.8938   7.9658   99.0962%
		32      7.8490   7.9658   98.5338%
		64      7.7077   7.9658   96.7600%
		128     7.5440   7.9658   94.7055%
		256     7.5587   7.9658   94.8894%
		512     7.5288   7.9658   94.5147%
		1024    7.5074   7.9658   94.2452%
		2048    7.5212   7.9658   94.4183%
		4096    7.5324   7.9658   94.5596%
		8192    7.5274   7.9658   94.4965%
		16384   7.5399   7.9658   94.6538%
		32768   7.5476   7.9658   94.7501%

	NUM_OBJECTS: 10000
		16      10.7267   11.2877   95.0297%
		32      10.7458   11.2877   95.1988%
		64      10.7384   11.2877   95.1336%
		128     10.7594   11.2877   95.3196%
		256     10.7464   11.2877   95.2048%
		512     10.7492   11.2877   95.2288%
		1024    10.7533   11.2877   95.2651%
		2048    10.7568   11.2877   95.2966%
		4096    10.7264   11.2877   95.0269%
		8192    10.7415   11.2877   95.1614%
		16384   10.7434   11.2877   95.1777%
		32768   10.7438   11.2877   95.1813%

NUM_THREADS: 8
	NUM_OBJECTS: 100
		16      3.5850   3.5850   100.0000%
		32      3.5850   3.5850   100.0000%
		64      3.5637   3.5850   99.4067%
		128     3.5637   3.5850   99.4067%
		256     3.5637   3.5850   99.4067%
		512     3.4582   3.5850   96.4638%
		1024    3.4064   3.5850   95.0179%
		2048    3.3141   3.5850   92.4436%
		4096    2.9895   3.5850   83.3906%
		8192    3.1121   3.5850   86.8087%
		16384   2.9910   3.5850   83.4310%
		32768   2.9623   3.5850   82.6323%

	NUM_OBJECTS: 1000
		16      6.9310   6.9658   99.5005%
		32      6.8930   6.9658   98.9545%
		64      6.8331   6.9658   98.0957%
		128     6.7271   6.9658   96.5740%
		256     6.5656   6.9658   94.2555%
		512     6.4862   6.9658   93.1149%
		1024    6.5159   6.9658   93.5412%
		2048    6.5426   6.9658   93.9243%
		4096    6.5107   6.9658   93.4666%
		8192    6.5063   6.9658   93.4042%
		16384   6.5094   6.9658   93.4485%
		32768   6.5319   6.9658   93.7705%

	NUM_OBJECTS: 10000
		16      9.9939   10.2877   97.1441%
		32      9.7409   10.2877   94.6851%
		64      9.7446   10.2877   94.7205%
		128     9.7514   10.2877   94.7868%
		256     9.7455   10.2877   94.7298%
		512     9.7495   10.2877   94.7688%
		1024    9.7542   10.2877   94.8140%
		2048    9.7515   10.2877   94.7876%
		4096    9.7383   10.2877   94.6596%
		8192    9.7385   10.2877   94.6616%
		16384   9.7539   10.2877   94.8113%
		32768   9.7519   10.2877   94.7915%

