NUM_THREADS: 1
	NUM_OBJECTS: 100
		16      5.6576   6.6439   85.1549%
		32      6.4239   6.6439   96.6887%
		64      6.3639   6.6439   95.7856%
		128     6.3839   6.6439   96.0867%
		256     6.4639   6.6439   97.2908%
		512     6.4239   6.6439   96.6887%
		1024    6.3439   6.6439   95.4846%
		2048    6.4039   6.6439   96.3877%
		4096    6.4039   6.6439   96.3877%
		8192    6.4039   6.6439   96.3877%
		16384   6.4039   6.6439   96.3877%
		32768   6.4039   6.6439   96.3877%
		65536   6.5039   6.6439   97.8929%

	NUM_OBJECTS: 1000
		16      9.0220   9.9658   90.5302%
		32      9.9179   9.9658   99.5192%
		64      9.8839   9.9658   99.1779%
		128     9.9319   9.9658   99.6597%
		256     9.9319   9.9658   99.6597%
		512     9.9179   9.9658   99.5192%
		1024    9.9399   9.9658   99.7400%
		2048    9.8839   9.9658   99.1779%
		4096    9.8799   9.9658   99.1378%
		8192    9.8859   9.9658   99.1980%
		16384   9.8979   9.9658   99.3185%
		32768   9.8979   9.9658   99.3185%
		65536   9.8979   9.9658   99.3184%

	NUM_OBJECTS: 10000
		16      12.3465   13.2877   92.9169%
		32      13.2758   13.2877   99.9101%
		64      13.2722   13.2877   99.8832%
		128     13.2810   13.2877   99.9493%
		256     13.2752   13.2877   99.9055%
		512     13.2772   13.2877   99.9208%
		1024    13.2758   13.2877   99.9101%
		2048    13.2720   13.2877   99.8817%
		4096    13.2728   13.2877   99.8875%
		8192    13.2694   13.2877   99.8622%
		16384   13.2866   13.2877   99.9914%
		32768   13.2828   13.2877   99.9628%
		65536   13.2798   13.2877   99.9402%

NUM_THREADS: 2
	NUM_OBJECTS: 100
		16      5.8468   6.6439   88.0025%
		32      6.5231   6.6439   98.1824%
		64      6.5129   6.6439   98.0294%
		128     6.4737   6.6439   97.4384%
		256     6.4729   6.6439   97.4273%
		512     6.4638   6.6439   97.2903%
		1024    6.4834   6.6439   97.5844%
		2048    6.5132   6.6439   98.0340%
		4096    6.5132   6.6439   98.0340%
		8192    6.5132   6.6439   98.0341%
		16384   6.5132   6.6439   98.0340%
		32768   6.5132   6.6439   98.0340%
		65536   6.5132   6.6439   98.0340%

	NUM_OBJECTS: 1000
		16      9.0837   9.9658   91.1486%
		32      9.9089   9.9658   99.4288%
		64      9.9459   9.9658   99.8000%
		128     9.9138   9.9658   99.4783%
		256     9.9338   9.9658   99.6794%
		512     9.9649   9.9658   99.9909%
		1024    9.9369   9.9658   99.7097%
		2048    9.9429   9.9658   99.7700%
		4096    9.9309   9.9658   99.6496%
		8192    9.9379   9.9658   99.7199%
		16384   9.9379   9.9658   99.7199%
		32768   9.9078   9.9658   99.4179%
		65536   9.9078   9.9658   99.4179%

	NUM_OBJECTS: 10000
		16      12.4122   13.2877   93.4108%
		32      13.2822   13.2877   99.9583%
		64      13.2821   13.2877   99.9575%
		128     13.2801   13.2877   99.9426%
		256     13.2825   13.2877   99.9605%
		512     13.2833   13.2877   99.9666%
		1024    13.2747   13.2877   99.9019%
		2048    13.2791   13.2877   99.9351%
		4096    13.2784   13.2877   99.9298%
		8192    13.2773   13.2877   99.9214%
		16384   13.2756   13.2877   99.9085%
		32768   13.2770   13.2877   99.9191%
		65536   13.2744   13.2877   99.8996%

NUM_THREADS: 4
	NUM_OBJECTS: 100
		16      5.8201   6.6439   87.6016%
		32      6.5382   6.6439   98.4099%
		64      6.5229   6.6439   98.1797%
		128     6.5331   6.6439   98.3337%
		256     6.4986   6.6439   97.8136%
		512     6.5530   6.6439   98.6324%
		1024    6.5934   6.6439   99.2410%
		2048    6.5482   6.6439   98.5598%
		4096    6.5482   6.6439   98.5598%
		8192    6.5482   6.6439   98.5598%
		16384   6.5482   6.6439   98.5598%
		32768   6.5482   6.6439   98.5598%
		65536   6.5687   6.6439   98.8689%

	NUM_OBJECTS: 1000
		16      9.1798   9.9658   92.1132%
		32      9.9584   9.9658   99.9256%
		64      9.9594   9.9658   99.9356%
		128     9.9644   9.9658   99.9858%
		256     9.9559   9.9658   99.9005%
		512     9.9358   9.9658   99.6996%
		1024    9.9349   9.9658   99.6896%
		2048    9.9454   9.9658   99.7950%
		4096    9.9469   9.9658   99.8101%
		8192    9.9444   9.9658   99.7850%
		16384   9.9469   9.9658   99.8101%
		32768   9.9544   9.9658   99.8854%
		65536   9.9544   9.9658   99.8854%

	NUM_OBJECTS: 10000
		16      12.4489   13.2877   93.6871%
		32      13.2780   13.2877   99.9266%
		64      13.2809   13.2877   99.9485%
		128     13.2748   13.2877   99.9029%
		256     13.2783   13.2877   99.9293%
		512     13.2751   13.2877   99.9050%
		1024    13.2814   13.2877   99.9527%
		2048    13.2818   13.2877   99.9557%
		4096    13.2810   13.2877   99.9497%
		8192    13.2821   13.2877   99.9579%
		16384   13.2798   13.2877   99.9406%
		32768   13.2794   13.2877   99.9373%
		65536   13.2685   13.2877   99.8556%

NUM_THREADS: 8
	NUM_OBJECTS: 100
		16      6.1063   6.6439   91.9087%
		32      6.6011   6.6439   99.3572%
		64      6.6186   6.6439   99.6198%
		128     6.6185   6.6439   99.6188%
		256     6.5158   6.6439   98.0725%
		512     6.5611   6.6439   98.7538%
		1024    6.5582   6.6439   98.7102%
		2048    6.5481   6.6439   98.5585%
		4096    6.5481   6.6439   98.5585%
		8192    6.6035   6.6439   99.3923%
		16384   6.6035   6.6439   99.3923%
		32768   6.6035   6.6439   99.3923%
		65536   6.6035   6.6439   99.3923%

	NUM_OBJECTS: 1000
		16      9.2168   9.9658   92.4843%
		32      9.9609   9.9658   99.9507%
		64      9.9508   9.9658   99.8501%
		128     9.9408   9.9658   99.7497%
		256     9.9451   9.9658   99.7924%
		512     9.9461   9.9658   99.8025%
		1024    9.9521   9.9658   99.8626%
		2048    9.9461   9.9658   99.8025%
		4096    9.9468   9.9658   99.8100%
		8192    9.9486   9.9658   99.8276%
		16384   9.9486   9.9658   99.8276%
		32768   9.9486   9.9658   99.8276%
		65536   9.9486   9.9658   99.8276%

	NUM_OBJECTS: 10000
		16      12.4998   13.2877   94.0703%
		32      13.2814   13.2877   99.9523%
		64      13.2813   13.2877   99.9517%
		128     13.2786   13.2877   99.9313%
		256     13.2792   13.2877   99.9358%
		512     13.2802   13.2877   99.9436%
		1024    13.2807   13.2877   99.9472%
		2048    13.2828   13.2877   99.9628%
		4096    13.2825   13.2877   99.9608%
		8192    13.2821   13.2877   99.9581%
		16384   13.2854   13.2877   99.9824%
		32768   13.2842   13.2877   99.9735%
		65536   # Crashed at this point
