NUM_THREADS: 1
	NUM_OBJECTS: 100
		16      6.5763   6.6439   98.9834%
		32      6.6439   6.6439   100.0001%
		64      6.6439   6.6439   100.0001%
		128     6.6439   6.6439   100.0001%
		256     6.6439   6.6439   100.0001%
		512     6.6439   6.6439   100.0001%
		1024    6.6439   6.6439   100.0001%
		2048    6.6439   6.6439   100.0001%
		4096    6.6439   6.6439   100.0001%
		8192    6.6439   6.6439   100.0001%
		16384   6.6439   6.6439   100.0001%
		32768   6.6439   6.6439   100.0001%
		65536   6.6439   6.6439   100.0001%

	NUM_OBJECTS: 1000
		16      9.5393   9.9658   95.7205%
		32      9.9659   9.9658   100.0009%
		64      9.9659   9.9658   100.0009%
		128     9.9659   9.9658   100.0009%
		256     9.9659   9.9658   100.0009%
		512     9.9659   9.9658   100.0009%
		1024    9.9659   9.9658   100.0009%
		2048    9.9659   9.9658   100.0009%
		4096    9.9659   9.9658   100.0009%
		8192    9.9659   9.9658   100.0009%
		16384   9.9659   9.9658   100.0009%
		32768   9.9659   9.9658   100.0009%
		65536   9.9659   9.9658   100.0009%

	NUM_OBJECTS: 10000
		16      12.4575   13.2877   93.7522%
		32      13.2870   13.2877   99.9944%
		64      13.2870   13.2877   99.9944%
		128     13.2870   13.2877   99.9944%
		256     13.2870   13.2877   99.9944%
		512     13.2870   13.2877   99.9944%
		1024    13.2870   13.2877   99.9944%
		2048    13.2870   13.2877   99.9944%
		4096    13.2870   13.2877   99.9944%
		8192    13.2870   13.2877   99.9944%
		16384   13.2870   13.2877   99.9944%
		32768   13.0912   13.2877   98.5213%
		65536   12.3178   13.2877   92.7006%

NUM_THREADS: 2
	NUM_OBJECTS: 100
		16      6.6139   6.6439   99.5485%
		32      6.6439   6.6439   100.0001%
		64      6.6439   6.6439   100.0001%
		128     6.6439   6.6439   100.0001%
		256     6.6439   6.6439   100.0001%
		512     6.6439   6.6439   100.0001%
		1024    6.6439   6.6439   100.0001%
		2048    6.6439   6.6439   100.0001%
		4096    6.6439   6.6439   100.0001%
		8192    6.6439   6.6439   100.0001%
		16384   6.6439   6.6439   100.0001%
		32768   6.6439   6.6439   100.0001%
		65536   6.6439   6.6439   100.0001%

	NUM_OBJECTS: 1000
		16      9.5145   9.9658   95.4717%
		32      9.9659   9.9658   100.0009%
		64      9.9659   9.9658   100.0009%
		128     9.9659   9.9658   100.0009%
		256     9.9659   9.9658   100.0009%
		512     9.9659   9.9658   100.0009%
		1024    9.9659   9.9658   100.0009%
		2048    9.9659   9.9658   100.0009%
		4096    9.9659   9.9658   100.0009%
		8192    9.9659   9.9658   100.0009%
		16384   9.9659   9.9658   100.0009%
		32768   9.9659   9.9658   100.0009%
		65536   9.9659   9.9658   100.0009%

	NUM_OBJECTS: 10000
		16      12.4574   13.2877   93.7514%
		32      13.2870   13.2877   99.9944%
		64      13.2870   13.2877   99.9944%
		128     13.2870   13.2877   99.9944%
		256     13.2870   13.2877   99.9944%
		512     13.2870   13.2877   99.9944%
		1024    13.2870   13.2877   99.9944%
		2048    13.2870   13.2877   99.9944%
		4096    13.2870   13.2877   99.9944%
		8192    13.2870   13.2877   99.9944%
		16384   13.2870   13.2877   99.9944%
		32768   13.1075   13.2877   98.6438%
		65536   12.3438   13.2877   92.8966%

NUM_THREADS: 4
	NUM_OBJECTS: 100
		16      6.6138   6.6439   99.5473%
		32      6.6439   6.6439   100.0001%
		64      6.6439   6.6439   100.0001%
		128     6.6439   6.6439   100.0001%
		256     6.6439   6.6439   100.0001%
		512     6.6439   6.6439   100.0001%
		1024    6.6439   6.6439   100.0001%
		2048    6.6439   6.6439   100.0001%
		4096    6.6439   6.6439   100.0001%
		8192    6.6439   6.6439   100.0001%
		16384   6.6439   6.6439   100.0001%
		32768   6.6439   6.6439   100.0001%
		65536   6.6439   6.6439   100.0001%

	NUM_OBJECTS: 1000
		16      9.5468   9.9658   95.7962%
		32      9.9659   9.9658   100.0009%
		64      9.9659   9.9658   100.0009%
		128     9.9659   9.9658   100.0009%
		256     9.9659   9.9658   100.0009%
		512     9.9659   9.9658   100.0009%
		1024    9.9659   9.9658   100.0009%
		2048    9.9659   9.9658   100.0009%
		4096    9.9659   9.9658   100.0009%
		8192    9.9659   9.9658   100.0009%
		16384   9.9659   9.9658   100.0009%
		32768   9.9659   9.9658   100.0009%
		65536   9.9659   9.9658   100.0009%

	NUM_OBJECTS: 10000
		16      12.4549   13.2877   93.7327%
		32      13.2870   13.2877   99.9944%
		64      13.2870   13.2877   99.9944%
		128     13.2870   13.2877   99.9944%
		256     13.2870   13.2877   99.9944%
		512     13.2870   13.2877   99.9944%
		1024    13.2870   13.2877   99.9944%
		2048    13.2870   13.2877   99.9944%
		4096    13.2870   13.2877   99.9944%
		8192    13.2870   13.2877   99.9944%
		16384   13.2870   13.2877   99.9944%
		32768   13.1059   13.2877   98.6321%
		65536   12.3446   13.2877   92.9027%

NUM_THREADS: 8
	NUM_OBJECTS: 100
		16      6.6213   6.6439   99.6609%
		32      6.6439   6.6439   100.0001%
		64      6.6439   6.6439   100.0001%
		128     6.6439   6.6439   100.0001%
		256     6.6439   6.6439   100.0001%
		512     6.6439   6.6439   100.0001%
		1024    6.6439   6.6439   100.0001%
		2048    6.6439   6.6439   100.0001%
		4096    6.6439   6.6439   100.0001%
		8192    6.6439   6.6439   100.0001%
		16384   6.6439   6.6439   100.0001%
		32768   6.6439   6.6439   100.0001%
		65536   6.6439   6.6439   100.0001%

	NUM_OBJECTS: 1000
		16      9.5501   9.9658   95.8287%
		32      9.9659   9.9658   100.0009%
		64      9.9659   9.9658   100.0009%
		128     9.9659   9.9658   100.0009%
		256     9.9659   9.9658   100.0009%
		512     9.9659   9.9658   100.0009%
		1024    9.9659   9.9658   100.0009%
		2048    9.9659   9.9658   100.0009%
		4096    9.9659   9.9658   100.0009%
		8192    9.9659   9.9658   100.0009%
		16384   9.9659   9.9658   100.0009%
		32768   9.9659   9.9658   100.0009%
		65536   9.9659   9.9658   100.0009%

	NUM_OBJECTS: 10000
		16      12.4564   13.2877   93.7434%
		32      13.2870   13.2877   99.9944%
		64      13.2870   13.2877   99.9944%
		128     13.2870   13.2877   99.9944%
		256     13.2870   13.2877   99.9944%
		512     13.2870   13.2877   99.9944%
		1024    13.2870   13.2877   99.9944%
		2048    13.2870   13.2877   99.9944%
		4096    13.2870   13.2877   99.9944%
		8192    13.2870   13.2877   99.9944%
		16384   13.2870   13.2877   99.9944%
		32768   13.1024   13.2877   98.6057%
		65536   # Crashed at this point
