NUM_THREADS: 1
	NUM_OBJECTS: 100
		16      0.0808   6.6439   1.2161%
		32      6.6439   6.6439   100.0001%
		64      0.0000   6.6439   0.0000%
		128     0.0000   6.6439   0.0000%
		256     0.0000   6.6439   0.0000%
		512     0.0000   6.6439   0.0000%
		1024    0.0000   6.6439   0.0000%
		2048    0.0000   6.6439   0.0000%
		4096    0.0000   6.6439   0.0000%
		8192    0.0000   6.6439   0.0000%
		16384   0.0000   6.6439   0.0000%
		32768   0.0000   6.6439   0.0000%
		65536   5.4733   6.6439   82.3809%

	NUM_OBJECTS: 1000
		16      0.0114   9.9658   0.1145%
		32      9.9659   9.9658   100.0009%
		64      0.0000   9.9658   0.0000%
		128     0.0000   9.9658   0.0000%
		256     0.0000   9.9658   0.0000%
		512     0.0000   9.9658   0.0000%
		1024    0.0000   9.9658   0.0000%
		2048    0.0000   9.9658   0.0000%
		4096    0.0000   9.9658   0.0000%
		8192    0.0000   9.9658   0.0000%
		16384   0.0000   9.9658   0.0000%
		32768   0.0000   9.9658   0.0000%
		65536   6.7255   9.9658   67.4857%

	NUM_OBJECTS: 10000
		16      0.0015   13.2877   0.0111%
		32      13.2870   13.2877   99.9944%
		64      0.0000   13.2877   0.0000%
		128     0.0000   13.2877   0.0000%
		256     0.0000   13.2877   0.0000%
		512     0.0000   13.2877   0.0000%
		1024    0.0000   13.2877   0.0000%
		2048    0.0000   13.2877   0.0000%
		4096    0.0000   13.2877   0.0000%
		8192    0.0000   13.2877   0.0000%
		16384   0.0000   13.2877   0.0000%
		32768   0.0000   13.2877   0.0000%
		65536   6.1163   13.2877   46.0297%

NUM_THREADS: 2
	NUM_OBJECTS: 100
		16      0.0808   6.6439   1.2161%
		32      6.6439   6.6439   100.0001%
		64      0.0000   6.6439   0.0000%
		128     0.0000   6.6439   0.0000%
		256     0.0000   6.6439   0.0000%
		512     0.0000   6.6439   0.0000%
		1024    0.0000   6.6439   0.0000%
		2048    0.0000   6.6439   0.0000%
		4096    0.0000   6.6439   0.0000%
		8192    0.0000   6.6439   0.0000%
		16384   0.0000   6.6439   0.0000%
		32768   0.0000   6.6439   0.0000%
		65536   5.4694   6.6439   82.3233%

	NUM_OBJECTS: 1000
		16      0.0114   9.9658   0.1145%
		32      9.9659   9.9658   100.0009%
		64      0.0000   9.9658   0.0000%
		128     0.0000   9.9658   0.0000%
		256     0.0000   9.9658   0.0000%
		512     0.0000   9.9658   0.0000%
		1024    0.0000   9.9658   0.0000%
		2048    0.0000   9.9658   0.0000%
		4096    0.0000   9.9658   0.0000%
		8192    0.0000   9.9658   0.0000%
		16384   0.0000   9.9658   0.0000%
		32768   0.0000   9.9658   0.0000%
		65536   6.6739   9.9658   66.9684%

	NUM_OBJECTS: 10000
		16      0.0015   13.2877   0.0111%
		32      13.2870   13.2877   99.9944%
		64      0.0000   13.2877   0.0000%
		128     0.0000   13.2877   0.0000%
		256     0.0000   13.2877   0.0000%
		512     0.0000   13.2877   0.0000%
		1024    0.0000   13.2877   0.0000%
		2048    0.0000   13.2877   0.0000%
		4096    0.0000   13.2877   0.0000%
		8192    0.0000   13.2877   0.0000%
		16384   0.0000   13.2877   0.0000%
		32768   0.0000   13.2877   0.0000%
		65536   6.1198   13.2877   46.0559%

NUM_THREADS: 4
	NUM_OBJECTS: 100
		16      0.0808   6.6439   1.2161%
		32      6.6439   6.6439   100.0001%
		64      0.0000   6.6439   0.0000%
		128     0.0000   6.6439   0.0000%
		256     0.0000   6.6439   0.0000%
		512     0.0000   6.6439   0.0000%
		1024    0.0000   6.6439   0.0000%
		2048    0.0000   6.6439   0.0000%
		4096    0.0000   6.6439   0.0000%
		8192    0.0000   6.6439   0.0000%
		16384   0.0000   6.6439   0.0000%
		32768   0.0000   6.6439   0.0000%
		65536   5.4064   6.6439   81.3748%

	NUM_OBJECTS: 1000
		16      0.0114   9.9658   0.1145%
		32      9.9659   9.9658   100.0009%
		64      0.0000   9.9658   0.0000%
		128     0.0000   9.9658   0.0000%
		256     0.0000   9.9658   0.0000%
		512     0.0000   9.9658   0.0000%
		1024    0.0000   9.9658   0.0000%
		2048    0.0000   9.9658   0.0000%
		4096    0.0000   9.9658   0.0000%
		8192    0.0000   9.9658   0.0000%
		16384   0.0000   9.9658   0.0000%
		32768   0.0000   9.9658   0.0000%
		65536   6.4791   9.9658   65.0130%

	NUM_OBJECTS: 10000
		16      0.0015   13.2877   0.0111%
		32      13.2870   13.2877   99.9944%
		64      0.0000   13.2877   0.0000%
		128     0.0000   13.2877   0.0000%
		256     0.0000   13.2877   0.0000%
		512     0.0000   13.2877   0.0000%
		1024    0.0000   13.2877   0.0000%
		2048    0.0000   13.2877   0.0000%
		4096    0.0000   13.2877   0.0000%
		8192    0.0000   13.2877   0.0000%
		16384   0.0000   13.2877   0.0000%
		32768   0.0000   13.2877   0.0000%
		65536   6.0892   13.2877   45.8259%

NUM_THREADS: 8
	NUM_OBJECTS: 100
		16      0.0808   6.6439   1.2161%
		32      6.6439   6.6439   100.0001%
		64      0.0000   6.6439   0.0000%
		128     0.0000   6.6439   0.0000%
		256     0.0000   6.6439   0.0000%
		512     0.0000   6.6439   0.0000%
		1024    0.0000   6.6439   0.0000%
		2048    0.0000   6.6439   0.0000%
		4096    0.0000   6.6439   0.0000%
		8192    0.0000   6.6439   0.0000%
		16384   0.0000   6.6439   0.0000%
		32768   0.0000   6.6439   0.0000%
		65536   5.4448   6.6439   81.9530%

	NUM_OBJECTS: 1000
		16      0.0114   9.9658   0.1145%
		32      9.9659   9.9658   100.0009%
		64      0.0000   9.9658   0.0000%
		128     0.0000   9.9658   0.0000%
		256     0.0000   9.9658   0.0000%
		512     0.0000   9.9658   0.0000%
		1024    0.0000   9.9658   0.0000%
		2048    0.0000   9.9658   0.0000%
		4096    0.0000   9.9658   0.0000%
		8192    0.0000   9.9658   0.0000%
		16384   0.0000   9.9658   0.0000%
		32768   0.0000   9.9658   0.0000%
		65536   6.2040   9.9658   62.2527%

	NUM_OBJECTS: 10000
		16      0.0015   13.2877   0.0111%
		32      13.2870   13.2877   99.9944%
		64      0.0000   13.2877   0.0000%
		128     0.0000   13.2877   0.0000%
		256     0.0000   13.2877   0.0000%
		512     0.0000   13.2877   0.0000%
		1024    0.0000   13.2877   0.0000%
		2048    0.0000   13.2877   0.0000%
		4096    0.0000   13.2877   0.0000%
		8192    0.0000   13.2877   0.0000%
		16384   0.0000   13.2877   0.0000%
		32768   0.0000   13.2877   0.0000%
		65536   6.0435   13.2877   45.4817%
