
NUM_THREADS: 1
	NUM_OBJECTS: 100
		16      0.0000   6.6439   0.0000%
		32      0.0000   6.6439   0.0000%
		64      0.0000   6.6439   0.0000%
		128     0.0000   6.6439   0.0000%
		256     0.0000   6.6439   0.0000%
		512     0.0000   6.6439   0.0000%
		1024    0.0000   6.6439   0.0000%
		2048    0.0000   6.6439   0.0000%
		4096    0.0000   6.6439   0.0000%
		8192    0.0000   6.6439   0.0000%
		16384   0.0000   6.6439   0.0000%
		32768   0.0000   6.6439   0.0000%

	NUM_OBJECTS: 1000
		16      0.0000   9.9658   0.0000%
		32      0.0000   9.9658   0.0000%
		64      0.0000   9.9658   0.0000%
		128     0.0000   9.9658   0.0000%
		256     0.0000   9.9658   0.0000%
		512     0.0000   9.9658   0.0000%
		1024    0.0000   9.9658   0.0000%
		2048    0.0000   9.9658   0.0000%
		4096    0.0000   9.9658   0.0000%
		8192    0.0000   9.9658   0.0000%
		16384   0.0000   9.9658   0.0000%
		32768   0.0000   9.9658   0.0000%

	NUM_OBJECTS: 10000
		16      0.0000   13.2877   0.0000%
		32      0.0000   13.2877   0.0000%
		64      0.0000   13.2877   0.0000%
		128     0.0000   13.2877   0.0000%
		256     0.0000   13.2877   0.0000%
		512     0.0000   13.2877   0.0000%
		1024    0.0000   13.2877   0.0000%
		2048    0.0000   13.2877   0.0000%
		4096    0.0000   13.2877   0.0000%
		8192    0.0000   13.2877   0.0000%
		16384   0.0000   13.2877   0.0000%
		32768   0.0000   13.2877   0.0000%

NUM_THREADS: 2
	NUM_OBJECTS: 100
		16      0.0000   5.6439   0.0000%
		32      0.0000   5.6439   0.0000%
		64      0.0000   5.6439   0.0000%
		128     0.0000   5.6439   0.0000%
		256     0.0000   5.6439   0.0000%
		512     0.0000   5.6439   0.0000%
		1024    0.0000   5.6439   0.0000%
		2048    0.0000   5.6439   0.0000%
		4096    0.0000   5.6439   0.0000%
		8192    0.0000   5.6439   0.0000%
		16384   0.0000   5.6439   0.0000%
		32768   0.6492   5.6439   11.5019%

	NUM_OBJECTS: 1000
		16      0.0000   8.9658   0.0000%
		32      0.0000   8.9658   0.0000%
		64      0.0000   8.9658   0.0000%
		128     0.0000   8.9658   0.0000%
		256     0.0000   8.9658   0.0000%
		512     0.0000   8.9658   0.0000%
		1024    0.0000   8.9658   0.0000%
		2048    0.0000   8.9658   0.0000%
		4096    0.0000   8.9658   0.0000%
		8192    0.0000   8.9658   0.0000%
		16384   0.0000   8.9658   0.0000%
		32768   0.9242   8.9658   10.3076%

	NUM_OBJECTS: 10000
		16      0.0000   12.2877   0.0000%
		32      0.0000   12.2877   0.0000%
		64      0.0000   12.2877   0.0000%
		128     0.0000   12.2877   0.0000%
		256     0.0000   12.2877   0.0000%
		512     0.0000   12.2877   0.0000%
		1024    0.0000   12.2877   0.0000%
		2048    0.0000   12.2877   0.0000%
		4096    0.0000   12.2877   0.0000%
		8192    0.0000   12.2877   0.0000%
		16384   0.0000   12.2877   0.0000%
		32768   0.9577   12.2877   7.7938%

NUM_THREADS: 4
	NUM_OBJECTS: 100
		16      0.0000   4.6439   0.0000%
		32      0.0000   4.6439   0.0000%
		64      0.0000   4.6439   0.0000%
		128     0.0000   4.6439   0.0000%
		256     0.0000   4.6439   0.0000%
		512     0.0000   4.6439   0.0000%
		1024    0.0000   4.6439   0.0000%
		2048    0.0000   4.6439   0.0000%
		4096    0.0000   4.6439   0.0000%
		8192    0.0000   4.6439   0.0000%
		16384   0.0000   4.6439   0.0000%
		32768   1.6964   4.6439   36.5289%

	NUM_OBJECTS: 1000
		16      0.0000   7.9658   0.0000%
		32      0.0000   7.9658   0.0000%
		64      0.0000   7.9658   0.0000%
		128     0.0000   7.9658   0.0000%
		256     0.0000   7.9658   0.0000%
		512     0.0000   7.9658   0.0000%
		1024    0.0000   7.9658   0.0000%
		2048    0.0000   7.9658   0.0000%
		4096    0.0000   7.9658   0.0000%
		8192    0.0000   7.9658   0.0000%
		16384   0.0000   7.9658   0.0000%
		32768   1.9981   7.9658   25.0830%

	NUM_OBJECTS: 10000
		16      0.0000   11.2877   0.0000%
		32      0.0000   11.2877   0.0000%
		64      0.0000   11.2877   0.0000%
		128     0.0000   11.2877   0.0000%
		256     		
        512     		
        1024    		
        2048    		
        4096    		
        8192    		
        16384   		
        32768   2.7659   11.2877   24.5039%

NUM_THREADS: 8
	NUM_OBJECTS: 100
		16      0.0000   3.5850   0.0000%
		32      0.0000   3.5850   0.0000%
		64      0.0000   3.5850   0.0000%
		128     0.0000   3.5850   0.0000%
		256     0.0000   3.5850   0.0000%
		512     0.0000   3.5850   0.0000%
		1024    0.0000   3.5850   0.0000%
		2048    0.0000   3.5850   0.0000%
		4096    0.0000   3.5850   0.0000%
		8192    0.0000   3.5850   0.0000%
		16384   0.0000   3.5850   0.0000%
		32768   0.0000   3.5850   0.0000%

	NUM_OBJECTS: 1000
		16      0.0000   6.9658   0.0000%
		32      0.0000   6.9658   0.0000%
		64      0.0000   6.9658   0.0000%
		128     0.0000   6.9658   0.0000%
		256     0.0000   6.9658   0.0000%
		512     0.0000   6.9658   0.0000%
		1024    0.0000   6.9658   0.0000%
		2048    0.0000   6.9658   0.0000%
		4096    0.0000   6.9658   0.0000%
		8192    0.0000   6.9658   0.0000%
		16384   0.0000   6.9658   0.0000%
		32768   4.0189   6.9658   57.6948%

	NUM_OBJECTS: 10000
		16      0.0000   10.2877   0.0000%
		32      0.0000   10.2877   0.0000%
		64      0.0000   10.2877   0.0000%
		128     0.0000   10.2877   0.0000%
		256     		
        512     		
        1024    		
        2048    		
        4096    		
        8192    		
        16384   		
        32768   3.9602   10.2877   38.4941%

