NUM_THREADS: 1
	NUM_OBJECTS: 100
		16      6.6439   6.6439   100.0001%
		32      6.6439   6.6439   100.0001%
		64      6.0839   6.6439   91.5712%
		128     6.6439   6.6439   100.0001%
		256     6.4839   6.6439   97.5919%
		512     5.6910   6.6439   85.6583%
		1024    5.7435   6.6439   86.4478%
		2048    4.8358   6.6439   72.7854%
		4096    3.6556   6.6439   55.0219%
		8192    2.2834   6.6439   34.3691%
		16384   1.1341   6.6439   17.0694%
		32768   2.9779   6.6439   44.8218%
		65536   1.9588   6.6439   29.4830%

	NUM_OBJECTS: 1000
		16      9.9199   9.9658   99.5392%
		32      9.4318   9.9658   94.6418%
		64      8.4095   9.9658   84.3834%
		128     8.1394   9.9658   81.6731%
		256     7.5589   9.9658   75.8482%
		512     5.2629   9.9658   52.8092%
		1024    5.2913   9.9658   53.0951%
		2048    4.2040   9.9658   42.1842%
		4096    3.0976   9.9658   31.0823%
		8192    2.5850   9.9658   25.9383%
		16384   1.0208   9.9658   10.2429%
		32768   2.9983   9.9658   30.0857%
		65536   1.9994   9.9658   20.0629%

	NUM_OBJECTS: 10000
		16      11.5723   13.2877   87.0901%
		32      9.5830   13.2877   72.1192%
		64      9.8843   13.2877   74.3865%
		128     8.9056   13.2877   67.0212%
		256     7.9066   13.2877   59.5029%
		512     5.0601   13.2877   38.0808%
		1024    5.0483   13.2877   37.9926%
		2048    4.0290   13.2877   30.3215%
		4096    3.0182   13.2877   22.7146%
		8192    2.0090   13.2877   15.1194%
		16384   1.0026   13.2877   7.5454%
		32768   2.9998   13.2877   22.5760%
		65536   1.9996   13.2877   15.0485%

NUM_THREADS: 2
	NUM_OBJECTS: 100
		16      6.6439   6.6439   100.0001%
		32      6.2441   6.6439   93.9824%
		64      6.4819   6.6439   97.5621%
		128     6.6439   6.6439   100.0001%
		256     6.0405   6.6439   90.9193%
		512     5.5766   6.6439   83.9359%
		1024    5.6068   6.6439   84.3902%
		2048    4.3926   6.6439   66.1151%
		4096    3.2775   6.6439   49.3319%
		8192    2.2571   6.6439   33.9731%
		16384   1.0333   6.6439   15.5529%
		32768   2.9627   6.6439   44.5926%
		65536   1.9875   6.6439   29.9153%

	NUM_OBJECTS: 1000
		16      9.6145   9.9658   96.4756%
		32      9.2071   9.9658   92.3872%
		64      8.4039   9.9658   84.3278%
		128     7.9306   9.9658   79.5786%
		256     7.8657   9.9658   78.9269%
		512     5.2451   9.9658   52.6310%
		1024    5.2683   9.9658   52.8640%
		2048    4.0801   9.9658   40.9407%
		4096    3.0482   9.9658   30.5869%
		8192    2.5850   9.9658   25.9383%
		16384   1.0049   9.9658   10.0836%
		32768   2.9943   9.9658   30.0462%
		65536   1.9989   9.9658   20.0575%

	NUM_OBJECTS: 10000
		16      11.7086   13.2877   88.1157%
		32      9.9041   13.2877   74.5358%
		64      9.8108   13.2877   73.8336%
		128     8.9064   13.2877   67.0274%
		256     7.9065   13.2877   59.5020%
		512     5.0393   13.2877   37.9247%
		1024    5.0437   13.2877   37.9578%
		2048    4.0148   13.2877   30.2147%
		4096    3.0079   13.2877   22.6369%
		8192    2.0040   13.2877   15.0818%
		16384   1.0006   13.2877   7.5304%
		32768   2.9995   13.2877   22.5732%
		65536   1.9998   13.2877   15.0497%

NUM_THREADS: 4
	NUM_OBJECTS: 100
		16      6.5984   6.6439   99.3158%
		32      6.4256   6.6439   96.7154%
		64      6.4195   6.6439   96.6230%
		128     6.3350   6.6439   95.3517%
		256     6.5225   6.6439   98.1735%
		512     5.5388   6.6439   83.3674%
		1024    5.5148   6.6439   83.0064%
		2048    4.1178   6.6439   61.9794%
		4096    3.1196   6.6439   46.9548%
		8192    2.0817   6.6439   31.3327%
		16384   0.9962   6.6439   14.9949%
		32768   2.9511   6.6439   44.4192%
		65536   1.9836   6.6439   29.8555%

	NUM_OBJECTS: 1000
		16      9.9544   9.9658   99.8853%
		32      9.2224   9.9658   92.5407%
		64      8.4750   9.9658   85.0406%
		128     7.7896   9.9658   78.1632%
		256     7.6748   9.9658   77.0119%
		512     5.2279   9.9658   52.4581%
		1024    5.2447   9.9658   52.6273%
		2048    4.0468   9.9658   40.6067%
		4096    3.0242   9.9658   30.3461%
		8192    2.5850   9.9658   25.9383%
		16384   1.0049   9.9658   10.0833%
		32768   2.9933   9.9658   30.0360%
		65536   1.9983   9.9658   20.0520%

	NUM_OBJECTS: 10000
		16      11.6912   13.2877   87.9850%
		32      9.9033   13.2877   74.5301%
		64      9.7608   13.2877   73.4572%
		128     8.9061   13.2877   67.0252%
		256     7.9061   13.2877   59.4992%
		512     5.0394   13.2877   37.9251%
		1024    5.0386   13.2877   37.9190%
		2048    4.0069   13.2877   30.1551%
		4096    3.0030   13.2877   22.5996%
		8192    2.0024   13.2877   15.0698%
		16384   1.0007   13.2877   7.5308%
		32768   2.9995   13.2877   22.5734%
		65536   1.9999   13.2877   15.0510%

NUM_THREADS: 8
	NUM_OBJECTS: 100
		16      6.6211   6.6439   99.6574%
		32      6.3716   6.6439   95.9028%
		64      6.6134   6.6439   99.5413%
		128     6.3749   6.6439   95.9519%
		256     6.4281   6.6439   96.7520%
		512     5.4839   6.6439   82.5402%
		1024    5.5261   6.6439   83.1760%
		2048    4.0046   6.6439   60.2748%
		4096    3.0085   6.6439   45.2822%
		8192    2.0116   6.6439   30.2771%
		16384   1.0114   6.6439   15.2231%
		32768   2.9446   6.6439   44.3212%
		65536   1.9779   6.6439   29.7697%

	NUM_OBJECTS: 1000
		16      9.8486   9.9658   98.8244%
		32      9.1206   9.9658   91.5193%
		64      8.0392   9.9658   80.6677%
		128     7.7348   9.9658   77.6131%
		256     7.3730   9.9658   73.9831%
		512     5.2097   9.9658   52.2758%
		1024    5.2092   9.9658   52.2711%
		2048    4.0132   9.9658   40.2702%
		4096    3.0095   9.9658   30.1982%
		8192    2.5850   9.9658   25.9383%
		16384   1.0023   9.9658   10.0573%
		32768   2.9957   9.9658   30.0596%
		65536   1.9980   9.9658   20.0486%

	NUM_OBJECTS: 10000
		16      11.6910   13.2877   87.9838%
		32      9.9018   13.2877   74.5187%
		64      9.8069   13.2877   73.8042%
		128     8.9062   13.2877   67.0259%
		256     7.9062   13.2877   59.5003%
		512     5.0409   13.2877   37.9363%
		1024    5.0346   13.2877   37.8895%
		2048    4.0025   13.2877   30.1221%
		4096    3.0028   13.2877   22.5984%
		8192    2.0006   13.2877   15.0560%
		16384   1.0003   13.2877   7.5279%
		32768   2.9995   13.2877   22.5735%
		65536   1.9998   13.2877   15.0503%
