
NUM_THREADS: 1
	NUM_OBJECTS: 100
		16      6.6439   6.6439   100.0001%
		32      6.6439   6.6439   100.0001%
		64      6.6439   6.6439   100.0001%
		128     6.6439   6.6439   100.0001%
		256     6.6439   6.6439   100.0001%
		512     6.6439   6.6439   100.0001%
		1024    6.6439   6.6439   100.0001%
		2048    6.6439   6.6439   100.0001%
		4096    0.0000   6.6439   0.0000%
		8192    0.0000   6.6439   0.0000%
		16384   0.0000   6.6439   0.0000%
		32768   0.0000   6.6439   0.0000%

	NUM_OBJECTS: 1000
		16      9.9659   9.9658   100.0009%
		32      9.9659   9.9658   100.0009%
		64      9.9659   9.9658   100.0009%
		128     9.9659   9.9658   100.0009%
		256     9.7158   9.9658   97.4919%
		512     8.7973   9.9658   88.2752%
		1024    7.8241   9.9658   78.5101%
		2048    6.8557   9.9658   68.7921%
		4096    0.0000   9.9658   0.0000%
		8192    0.0000   9.9658   0.0000%
		16384   0.0000   9.9658   0.0000%
		32768   0.0000   9.9658   0.0000%

	NUM_OBJECTS: 10000
		16      13.2870   13.2877   99.9944%
		32      12.6222   13.2877   94.9917%
		64      11.7932   13.2877   88.7525%
		128     10.8078   13.2877   81.3366%
		256     9.8134   13.2877   73.8531%
		512     8.8206   13.2877   66.3816%
		1024    7.8342   13.2877   58.9583%
		2048    6.8595   13.2877   51.6232%
		4096    0.0015   13.2877   0.0111%
		8192    0.0000   13.2877   0.0000%
		16384   0.0000   13.2877   0.0000%
		32768   0.0000   13.2877   0.0000%

NUM_THREADS: 2
	NUM_OBJECTS: 100
		16      5.6439   5.6439   99.9999%
		32      5.6439   5.6439   99.9999%
		64      5.6439   5.6439   99.9999%
		128     5.6439   5.6439   99.9999%
		256     5.6439   5.6439   99.9999%
		512     5.6439   5.6439   99.9999%
		1024    5.6439   5.6439   99.9999%
		2048    5.6439   5.6439   99.9999%
		4096    0.0000   5.6439   0.0000%
		8192    0.0000   5.6439   0.0000%
		16384   0.0000   5.6439   0.0000%
		32768   0.0000   5.6439   0.0000%

	NUM_OBJECTS: 1000
		16      8.9658   8.9658   99.9998%
		32      8.9658   8.9658   99.9998%
		64      8.9658   8.9658   99.9998%
		128     8.9658   8.9658   99.9998%
		256     8.9658   8.9658   99.9998%
		512     8.6777   8.9658   96.7872%
		1024    7.8114   8.9658   87.1241%
		2048    6.8499   8.9658   76.4003%
		4096    0.0000   8.9658   0.0000%
		8192    0.0000   8.9658   0.0000%
		16384   0.0000   8.9658   0.0000%
		32768   0.0000   8.9658   0.0000%

	NUM_OBJECTS: 10000
		16      12.2880   12.2877   100.0025%
		32      12.2880   12.2877   100.0025%
		64      11.7243   12.2877   95.4146%
		128     10.7967   12.2877   87.8655%
		256     9.8092   12.2877   79.8294%
		512     8.8204   12.2877   71.7825%
		1024    7.8345   12.2877   63.7591%
		2048    6.8593   12.2877   55.8223%
		4096    0.0027   12.2877   0.0223%
		8192    0.0000   12.2877   0.0000%
		16384   0.0000   12.2877   0.0000%
		32768   0.0000   12.2877   0.0000%

NUM_THREADS: 4
	NUM_OBJECTS: 100
		16      4.6439   4.6439   100.0000%
		32      4.6439   4.6439   100.0000%
		64      4.6439   4.6439   100.0000%
		128     4.6439   4.6439   100.0000%
		256     4.6439   4.6439   100.0000%
		512     4.6439   4.6439   100.0000%
		1024    4.6439   4.6439   100.0000%
		2048    4.6439   4.6439   100.0000%
		4096    0.0000   4.6439   0.0000%
		8192    0.0000   4.6439   0.0000%
		16384   0.0000   4.6439   0.0000%
		32768   0.0000   4.6439   0.0000%

	NUM_OBJECTS: 1000
		16      7.9658   7.9658   100.0002%
		32      7.9658   7.9658   100.0002%
		64      7.9658   7.9658   100.0002%
		128     7.9658   7.9658   100.0002%
		256     7.9658   7.9658   100.0002%
		512     7.9658   7.9658   100.0002%
		1024    7.7357   7.9658   97.1112%
		2048    6.8387   7.9658   85.8505%
		4096    0.0000   7.9658   0.0000%
		8192    0.0000   7.9658   0.0000%
		16384   0.0000   7.9658   0.0000%
		32768   0.0000   7.9658   0.0000%

	NUM_OBJECTS: 10000
		16      11.2875   11.2877   99.9985%
		32      11.2875   11.2877   99.9985%
		64      11.2875   11.2877   99.9985%
		128     10.7274   11.2877   95.0358%
		256     9.7972   11.2877   86.7956%
		512     8.8147   11.2877   78.0907%
		1024    7.8321   11.2877   69.3863%
		2048    6.8582   11.2877   60.7579%
		4096    0.0000   11.2877   0.0000%
		8192    0.0000   11.2877   0.0000%
		16384   0.0000   11.2877   0.0000%
		32768   0.0000   11.2877   0.0000%

NUM_THREADS: 8
	NUM_OBJECTS: 100
		16      3.5850   3.5850   100.0000%
		32      3.5850   3.5850   100.0000%
		64      3.5850   3.5850   100.0000%
		128     3.5850   3.5850   100.0000%
		256     3.5850   3.5850   100.0000%
		512     3.5850   3.5850   100.0000%
		1024    3.5850   3.5850   100.0000%
		2048    3.5850   3.5850   100.0000%
		4096    0.0000   3.5850   0.0000%
		8192    0.0000   3.5850   0.0000%
		16384   0.0000   3.5850   0.0000%
		32768   0.0000   3.5850   0.0000%

	NUM_OBJECTS: 1000
		16      6.9658   6.9658   99.9998%
		32      6.9658   6.9658   99.9998%
		64      6.9658   6.9658   99.9998%
		128     6.9658   6.9658   99.9998%
		256     6.9658   6.9658   99.9998%
		512     6.9658   6.9658   99.9998%
		1024    6.9658   6.9658   99.9998%
		2048    6.7616   6.9658   97.0682%
		4096    0.0000   6.9658   0.0000%
		8192    0.0000   6.9658   0.0000%
		16384   0.0000   6.9658   0.0000%
		32768   0.0000   6.9658   0.0000%

	NUM_OBJECTS: 10000
		16      10.2878   10.2877   100.0004%
		32      10.2878   10.2877   100.0004%
		64      10.2878   10.2877   100.0004%
		128     10.2878   10.2877   100.0004%
		256     9.7281   10.2877   94.5604%
		512     8.8027   10.2877   85.5656%
		1024    7.8277   10.2877   76.0877%
		2048    6.8583   10.2877   66.6650%
		4096    0.0000   10.2877   0.0000%
		8192    0.0000   10.2877   0.0000%
		16384   0.0000   10.2877   0.0000%
		32768   0.0000   10.2877   0.0000%

