NUM_THREADS: 1
	NUM_OBJECTS: 100
		16      0.0808   6.6439   1.2161%
		32      6.6439   6.6439   100.0001%
		64      0.0000   6.6439   0.0000%
		128     0.0000   6.6439   0.0000%
		256     0.0000   6.6439   0.0000%
		512     0.0000   6.6439   0.0000%
		1024    0.0000   6.6439   0.0000%
		2048    0.0000   6.6439   0.0000%
		4096    0.0000   6.6439   0.0000%
		8192    0.0000   6.6439   0.0000%
		16384   0.0000   6.6439   0.0000%
		32768   0.0000   6.6439   0.0000%
		65536   0.0000   6.6439   0.0000%

	NUM_OBJECTS: 1000
		16      0.0114   9.9658   0.1145%
		32      9.9659   9.9658   100.0009%
		64      0.0000   9.9658   0.0000%
		128     0.0000   9.9658   0.0000%
		256     0.0000   9.9658   0.0000%
		512     0.0000   9.9658   0.0000%
		1024    0.0000   9.9658   0.0000%
		2048    0.0000   9.9658   0.0000%
		4096    0.0000   9.9658   0.0000%
		8192    0.0000   9.9658   0.0000%
		16384   0.0000   9.9658   0.0000%
		32768   0.0000   9.9658   0.0000%
		65536   0.0000   9.9658   0.0000%

	NUM_OBJECTS: 10000
		16      0.0015   13.2877   0.0111%
		32      13.2870   13.2877   99.9944%
		64      0.0000   13.2877   0.0000%
		128     0.0000   13.2877   0.0000%
		256     0.0000   13.2877   0.0000%
		512     0.0000   13.2877   0.0000%
		1024    0.0000   13.2877   0.0000%
		2048    0.0000   13.2877   0.0000%
		4096    0.0000   13.2877   0.0000%
		8192    0.0000   13.2877   0.0000%
		16384   0.0000   13.2877   0.0000%
		32768   0.0000   13.2877   0.0000%
		65536   0.0000   13.2877   0.0000%

NUM_THREADS: 2
	NUM_OBJECTS: 100
		16      0.0808   6.6439   1.2161%
		32      6.6439   6.6439   100.0001%
		64      0.0000   6.6439   0.0000%
		128     0.0000   6.6439   0.0000%
		256     0.0000   6.6439   0.0000%
		512     0.0000   6.6439   0.0000%
		1024    0.0000   6.6439   0.0000%
		2048    0.0000   6.6439   0.0000%
		4096    0.0000   6.6439   0.0000%
		8192    0.0000   6.6439   0.0000%
		16384   0.0000   6.6439   0.0000%
		32768   0.0000   6.6439   0.0000%
		65536   0.0000   6.6439   0.0000%

	NUM_OBJECTS: 1000
		16      0.0114   9.9658   0.1145%
		32      9.9659   9.9658   100.0009%
		64      0.0000   9.9658   0.0000%
		128     0.0000   9.9658   0.0000%
		256     0.0000   9.9658   0.0000%
		512     0.0000   9.9658   0.0000%
		1024    0.0000   9.9658   0.0000%
		2048    0.0000   9.9658   0.0000%
		4096    0.0000   9.9658   0.0000%
		8192    0.0000   9.9658   0.0000%
		16384   0.0000   9.9658   0.0000%
		32768   0.0000   9.9658   0.0000%
		65536   0.0000   9.9658   0.0000%

	NUM_OBJECTS: 10000
		16      0.0015   13.2877   0.0111%
		32      13.2870   13.2877   99.9944%
		64      0.0000   13.2877   0.0000%
		128     0.0000   13.2877   0.0000%
		256     0.0000   13.2877   0.0000%
		512     0.0000   13.2877   0.0000%
		1024    0.0000   13.2877   0.0000%
		2048    0.0000   13.2877   0.0000%
		4096    0.0000   13.2877   0.0000%
		8192    0.0000   13.2877   0.0000%
		16384   0.0000   13.2877   0.0000%
		32768   0.0000   13.2877   0.0000%
		65536   0.0000   13.2877   0.0000%

NUM_THREADS: 4
	NUM_OBJECTS: 100
		16      0.0808   6.6439   1.2161%
		32      6.6439   6.6439   100.0001%
		64      0.0000   6.6439   0.0000%
		128     0.0000   6.6439   0.0000%
		256     0.0000   6.6439   0.0000%
		512     0.0000   6.6439   0.0000%
		1024    0.0000   6.6439   0.0000%
		2048    0.0000   6.6439   0.0000%
		4096    0.0000   6.6439   0.0000%
		8192    0.0000   6.6439   0.0000%
		16384   0.0000   6.6439   0.0000%
		32768   0.0000   6.6439   0.0000%
		65536   0.0000   6.6439   0.0000%

	NUM_OBJECTS: 1000
		16      0.0114   9.9658   0.1145%
		32      9.9659   9.9658   100.0009%
		64      0.0000   9.9658   0.0000%
		128     0.0000   9.9658   0.0000%
		256     0.0000   9.9658   0.0000%
		512     0.0000   9.9658   0.0000%
		1024    0.0000   9.9658   0.0000%
		2048    0.0000   9.9658   0.0000%
		4096    0.0000   9.9658   0.0000%
		8192    0.0000   9.9658   0.0000%
		16384   0.0000   9.9658   0.0000%
		32768   0.0000   9.9658   0.0000%
		65536   0.0000   9.9658   0.0000%

	NUM_OBJECTS: 10000
		16      0.0015   13.2877   0.0111%
		32      13.2870   13.2877   99.9944%
		64      0.0000   13.2877   0.0000%
		128     0.0000   13.2877   0.0000%
		256     0.0000   13.2877   0.0000%
		512     0.0000   13.2877   0.0000%
		1024    0.0000   13.2877   0.0000%
		2048    0.0000   13.2877   0.0000%
		4096    0.0000   13.2877   0.0000%
		8192    0.0000   13.2877   0.0000%
		16384   0.0000   13.2877   0.0000%
		32768   0.0000   13.2877   0.0000%
		65536   0.0000   13.2877   0.0000%

NUM_THREADS: 8
	NUM_OBJECTS: 100
		16      0.0808   6.6439   1.2161%
		32      6.6439   6.6439   100.0001%
		64      0.0000   6.6439   0.0000%
		128     0.0000   6.6439   0.0000%
		256     0.0000   6.6439   0.0000%
		512     0.0000   6.6439   0.0000%
		1024    0.0000   6.6439   0.0000%
		2048    0.0000   6.6439   0.0000%
		4096    0.0000   6.6439   0.0000%
		8192    0.0000   6.6439   0.0000%
		16384   0.0000   6.6439   0.0000%
		32768   0.0000   6.6439   0.0000%
		65536   0.0000   6.6439   0.0000%

	NUM_OBJECTS: 1000
		16      0.0114   9.9658   0.1145%
		32      9.9659   9.9658   100.0009%
		64      0.0000   9.9658   0.0000%
		128     0.0000   9.9658   0.0000%
		256     0.0000   9.9658   0.0000%
		512     0.0000   9.9658   0.0000%
		1024    0.0000   9.9658   0.0000%
		2048    0.0000   9.9658   0.0000%
		4096    0.0000   9.9658   0.0000%
		8192    0.0000   9.9658   0.0000%
		16384   0.0000   9.9658   0.0000%
		32768   0.0000   9.9658   0.0000%
		65536   0.0000   9.9658   0.0000%

	NUM_OBJECTS: 10000
		16      0.0015   13.2877   0.0111%
		32      13.2870   13.2877   99.9944%
		64      0.0000   13.2877   0.0000%
		128     0.0000   13.2877   0.0000%
		256     0.0000   13.2877   0.0000%
		512     0.0000   13.2877   0.0000%
		1024    0.0000   13.2877   0.0000%
		2048    0.0000   13.2877   0.0000%
		4096    0.0000   13.2877   0.0000%
		8192    0.0000   13.2877   0.0000%
		16384   0.0000   13.2877   0.0000%
		32768   0.0000   13.2877   0.0000%
		65536   0.0000   13.2877   0.0000%
